1.017980743199586868e-02
9.906427934765815735e-03
9.726583026349544525e-03
9.685159660875797272e-03
1.004222314804792404e-02
9.266938082873821259e-03
9.236999787390232086e-03
9.980855509638786316e-03
1.110551785677671432e-02
9.102576412260532379e-03
9.252248331904411316e-03
9.741075336933135986e-03
9.377666749060153961e-03
8.672603406012058258e-03
9.425105527043342590e-03
8.945056237280368805e-03
8.885596878826618195e-03
8.360092528164386749e-03
9.214138612151145935e-03
8.377055637538433075e-03
8.617845363914966583e-03
8.630046620965003967e-03
8.618496358394622803e-03
8.155773393809795380e-03
8.075720630586147308e-03
