4.237896762788295746e-03
5.247025750577449799e-03
4.407706670463085175e-03
4.405404441058635712e-03
4.228275734931230545e-03
4.129954148083925247e-03
4.246959928423166275e-03
4.253759980201721191e-03
4.147977102547883987e-03
4.402005579322576523e-03
3.931656479835510254e-03
4.272744059562683105e-03
4.128285218030214310e-03
4.083557985723018646e-03
4.192984662950038910e-03
4.390642978250980377e-03
6.258626002818346024e-03
4.199680872261524200e-03
4.258488770574331284e-03
4.431193228811025620e-03
4.258396103978157043e-03
4.423814360052347183e-03
4.111389163881540298e-03
4.196471069008111954e-03
4.122934304177761078e-03
