9.008830413222312927e-03
8.688254281878471375e-03
8.438779041171073914e-03
1.193929277360439301e-02
9.017521515488624573e-03
8.630973286926746368e-03
8.576468564569950104e-03
9.074171073734760284e-03
8.989172987639904022e-03
8.693882264196872711e-03
8.887697011232376099e-03
8.998350240290164948e-03
9.313493035733699799e-03
8.846469223499298096e-03
8.835793472826480865e-03
8.699069730937480927e-03
8.739860728383064270e-03
8.819511160254478455e-03
8.805377408862113953e-03
8.595478720963001251e-03
8.183083496987819672e-03
8.617571555078029633e-03
9.003391489386558533e-03
8.892904035747051239e-03
8.672552183270454407e-03
