8.112334646284580231e-03
7.560749072581529617e-03
7.320031523704528809e-03
7.424903567880392075e-03
7.004637736827135086e-03
7.811298128217458725e-03
7.944679819047451019e-03
7.309616543352603912e-03
7.790886797010898590e-03
7.447037845849990845e-03
7.679706905037164688e-03
7.014255505055189133e-03
7.717116270214319229e-03
7.046044804155826569e-03
7.236795034259557724e-03
7.696755696088075638e-03
7.552758790552616119e-03
7.028781343251466751e-03
7.484258618205785751e-03
7.497465703636407852e-03
7.424760144203901291e-03
6.723066326230764389e-03
7.030282635241746902e-03
7.589461747556924820e-03
7.132069673389196396e-03
