1.119305007159709930e-02
9.928115643560886383e-03
1.004782970994710922e-02
1.022461149841547012e-02
1.012157928198575974e-02
9.903124533593654633e-03
1.018021907657384872e-02
9.765251539647579193e-03
9.610098786652088165e-03
9.951443411409854889e-03
9.511074051260948181e-03
9.895265102386474609e-03
9.931123815476894379e-03
1.006670575588941574e-02
9.885417297482490540e-03
9.932710789144039154e-03
9.977926500141620636e-03
9.913800284266471863e-03
9.968554601073265076e-03
1.012645196169614792e-02
1.021867524832487106e-02
1.007748208940029144e-02
9.850715287029743195e-03
9.768225252628326416e-03
9.990908205509185791e-03
