8.400957100093364716e-03
8.783257566392421722e-03
8.677836507558822632e-03
8.268498815596103668e-03
7.956977002322673798e-03
7.838073186576366425e-03
7.721997331827878952e-03
9.385433979332447052e-03
8.262758143246173859e-03
8.256566710770130157e-03
7.731456309556961060e-03
7.930522784590721130e-03
7.803815882652997971e-03
7.826184853911399841e-03
7.954615168273448944e-03
8.122478611767292023e-03
7.517084944993257523e-03
7.676459848880767822e-03
7.763806264847517014e-03
7.777645252645015717e-03
7.712863385677337646e-03
7.650595623999834061e-03
7.396499626338481903e-03
7.368379272520542145e-03
8.150647394359111786e-03
