1.865492202341556549e-02
1.746992394328117371e-02
8.560102432966232300e-02
1.548208761960268021e-02
1.521779689937829971e-02
1.630751788616180420e-02
1.682038791477680206e-02
1.686741784214973450e-02
1.708047464489936829e-02
1.762462593615055084e-02
1.748401112854480743e-02
1.733672618865966797e-02
1.603159122169017792e-02
1.734721474349498749e-02
1.596920564770698547e-02
1.671798527240753174e-02
1.580137945711612701e-02
1.599636487662792206e-02
1.724261231720447540e-02
1.659127138555049896e-02
1.500658597797155380e-02
1.534005347639322281e-02
1.671512983739376068e-02
2.307510934770107269e-02
1.657408289611339569e-02
