1.213706098496913910e-02
1.075094193220138550e-02
1.103139109909534454e-02
1.077827345579862595e-02
1.671848259866237640e-02
1.068368460983037949e-02
1.134706567972898483e-02
1.110517513006925583e-02
1.100501697510480881e-02
1.043815165758132935e-02
1.094027515500783920e-02
1.058108638972043991e-02
1.044069323688745499e-02
1.095774956047534943e-02
1.119534950703382492e-02
1.096461713314056396e-02
1.099735312163829803e-02
1.099745929241180420e-02
1.092303823679685593e-02
1.029414590448141098e-02
1.081867050379514694e-02
1.131427753716707230e-02
1.087586395442485809e-02
1.074699219316244125e-02
1.045577321201562881e-02
