1.325594633817672729e-02
1.180983893573284149e-02
1.178671885281801224e-02
1.223930902779102325e-02
1.171658746898174286e-02
1.245530229061841965e-02
1.188890635967254639e-02
1.176242809742689133e-02
1.213601138442754745e-02
1.236348878592252731e-02
1.200057752430438995e-02
1.176679320633411407e-02
1.213616319000720978e-02
1.201115548610687256e-02
1.217483822256326675e-02
1.188113447278738022e-02
1.192365866154432297e-02
1.203347276896238327e-02
1.205411087721586227e-02
1.187302637845277786e-02
1.259162370115518570e-02
1.222641021013259888e-02
1.237242668867111206e-02
1.165333483368158340e-02
1.457804534584283829e-02
