1.007753424346446991e-02
9.679844602942466736e-03
9.192094206809997559e-03
8.923159912228584290e-03
9.328371845185756683e-03
8.881694637238979340e-03
9.067590348422527313e-03
9.312644600868225098e-03
9.326456114649772644e-03
9.003549814224243164e-03
9.059454314410686493e-03
9.540086612105369568e-03
9.694295935332775116e-03
8.931240998208522797e-03
1.079979632049798965e-02
9.818673133850097656e-03
9.085966274142265320e-03
9.081351570785045624e-03
8.811549283564090729e-03
9.032131172716617584e-03
9.281381964683532715e-03
8.740780875086784363e-03
8.740667253732681274e-03
8.712027221918106079e-03
8.784976787865161896e-03
