1.325119752436876297e-02
3.320863097906112671e-02
1.339600328356027603e-02
1.226357277482748032e-02
1.333588548004627228e-02
1.237791962921619415e-02
1.239691209048032761e-02
1.272984500974416733e-02
1.230824738740921021e-02
1.291878055781126022e-02
1.284217368811368942e-02
1.220178604125976562e-02
1.144436281174421310e-02
1.233851909637451172e-02
1.194960344582796097e-02
1.204530708491802216e-02
1.201421767473220825e-02
1.242392323911190033e-02
1.247716415673494339e-02
1.483071874827146530e-02
1.248074136674404144e-02
1.236836519092321396e-02
1.259949710220098495e-02
1.269262377172708511e-02
1.175158191472291946e-02
