9.679703973233699799e-03
8.938995189964771271e-03
8.870198391377925873e-03
9.309823624789714813e-03
9.791106916964054108e-03
8.640867657959461212e-03
9.529630653560161591e-03
9.149109013378620148e-03
9.450622834265232086e-03
9.133140556514263153e-03
9.452057071030139923e-03
8.535932749509811401e-03
8.648273535072803497e-03
8.551316335797309875e-03
8.837771601974964142e-03
9.253969416022300720e-03
8.579407818615436554e-03
8.396750316023826599e-03
8.090833202004432678e-03
8.472888730466365814e-03
9.436289779841899872e-03
8.805699646472930908e-03
9.001173079013824463e-03
8.765536360442638397e-03
8.489885367453098297e-03
