9.096068330109119415e-03
8.450078777968883514e-03
9.541347622871398926e-03
1.417083013802766800e-02
8.767545223236083984e-03
8.495573885738849640e-03
8.545254357159137726e-03
8.468260988593101501e-03
8.560773916542530060e-03
8.254190906882286072e-03
8.624193258583545685e-03
8.617491461336612701e-03
8.304331451654434204e-03
8.372324518859386444e-03
8.344340138137340546e-03
9.045164100825786591e-03
8.418194018304347992e-03
8.525138720870018005e-03
8.285451680421829224e-03
8.207179605960845947e-03
8.226239122450351715e-03
8.283439092338085175e-03
9.306317195296287537e-03
8.514210581779479980e-03
8.546183817088603973e-03
