1.242423243820667267e-02
1.378230936825275421e-02
1.325561571866273880e-02
1.161915715783834457e-02
1.213262788951396942e-02
1.216891128569841385e-02
1.182305999100208282e-02
1.206113956868648529e-02
1.283565629273653030e-02
1.201961375772953033e-02
1.250592526048421860e-02
1.245338562875986099e-02
1.260203775018453598e-02
1.230816077440977097e-02
1.273673865944147110e-02
1.218029204756021500e-02
1.292900554835796356e-02
1.226166449487209320e-02
1.265249680727720261e-02
1.229649130254983902e-02
1.265903748571872711e-02
1.249643694609403610e-02
1.215963810682296753e-02
1.226938609033823013e-02
1.212969701737165451e-02
