7.932116277515888214e-03
7.379509042948484421e-03
7.266783155500888824e-03
7.290032692253589630e-03
6.761915050446987152e-03
6.433651782572269440e-03
6.971982773393392563e-03
6.396455224603414536e-03
6.261538248509168625e-03
1.131552644073963165e-02
7.067139726132154465e-03
7.206210400909185410e-03
6.700207944959402084e-03
6.881965789943933487e-03
6.808783393353223801e-03
6.285847164690494537e-03
6.414977367967367172e-03
6.516914349049329758e-03
5.982455331832170486e-03
6.583338137716054916e-03
5.815072916448116302e-03
5.966908298432826996e-03
6.677669938653707504e-03
5.553506314754486084e-03
6.101957987993955612e-03
