5.247463006526231766e-03
5.902406293898820877e-03
5.244278814643621445e-03
6.309020798653364182e-03
5.913164466619491577e-03
5.965546239167451859e-03
5.650043953210115433e-03
5.065456964075565338e-03
5.165139678865671158e-03
5.578800104558467865e-03
6.795386318117380142e-03
5.548463203012943268e-03
5.533581133931875229e-03
5.203644745051860809e-03
5.654077045619487762e-03
5.300201475620269775e-03
5.779235623776912689e-03
5.214422009885311127e-03
4.926680587232112885e-03
5.318376701325178146e-03
5.179519299417734146e-03
5.606146063655614853e-03
5.454259924590587616e-03
5.317789968103170395e-03
4.895642865449190140e-03
