7.819372229278087616e-03
7.815033197402954102e-03
7.711983751505613327e-03
7.468812167644500732e-03
1.073794998228549957e-02
7.543744053691625595e-03
7.495093159377574921e-03
7.744154427200555801e-03
7.566132117062807083e-03
7.956763729453086853e-03
8.006410673260688782e-03
7.523041684180498123e-03
7.507502567023038864e-03
7.703740615397691727e-03
7.395498454570770264e-03
7.582656107842922211e-03
7.395116146653890610e-03
7.224391680210828781e-03
7.674845401197671890e-03
7.107180543243885040e-03
7.351279258728027344e-03
7.263965439051389694e-03
7.249359507113695145e-03
7.215051446110010147e-03
7.120624184608459473e-03
