1.104488968849182129e-02
1.098158117383718491e-02
1.146803982555866241e-02
1.248881313949823380e-02
1.103042531758546829e-02
1.128253992646932602e-02
1.402330584824085236e-02
1.129074301570653915e-02
1.107087265700101852e-02
1.111756730824708939e-02
1.179879065603017807e-02
1.157775241881608963e-02
1.149188447743654251e-02
1.135117840021848679e-02
1.081124786287546158e-02
1.091115828603506088e-02
1.152890454977750778e-02
1.096093002706766129e-02
1.142870914191007614e-02
1.104552857577800751e-02
1.080754678696393967e-02
1.116534601897001266e-02
1.187771745026111603e-02
1.085650827735662460e-02
1.125167217105627060e-02
