1.602439023554325104e-02
1.526324637234210968e-02
3.101341985166072845e-02
1.712473854422569275e-02
1.583524979650974274e-02
1.595200225710868835e-02
1.531288027763366699e-02
1.494008023291826248e-02
1.465194951742887497e-02
1.596823893487453461e-02
1.529298722743988037e-02
1.574260182678699493e-02
1.531906612217426300e-02
1.444899290800094604e-02
1.543135382235050201e-02
1.514568086713552475e-02
1.400121208280324936e-02
1.446300651878118515e-02
3.470171988010406494e-02
1.530812401324510574e-02
1.552086882293224335e-02
1.429299730807542801e-02
1.497699506580829620e-02
1.480045262724161148e-02
1.462172064930200577e-02
