1.736885122954845428e-02
1.830446347594261169e-02
1.809439621865749359e-02
1.637646742165088654e-02
4.666018858551979065e-02
1.617838256061077118e-02
1.644785515964031219e-02
1.599477045238018036e-02
1.627413742244243622e-02
1.609153114259243011e-02
1.608799211680889130e-02
1.548419706523418427e-02
1.477128919214010239e-02
1.601527072489261627e-02
1.542703807353973389e-02
1.844401843845844269e-02
2.589133754372596741e-02
1.650200225412845612e-02
1.657184772193431854e-02
1.676469668745994568e-02
1.597286947071552277e-02
1.596125029027462006e-02
1.648517139256000519e-02
1.582909747958183289e-02
1.603558287024497986e-02
