1.183299534022808075e-02
8.156132884323596954e-03
1.143811922520399094e-02
7.661805953830480576e-03
7.984767667949199677e-03
9.231476113200187683e-03
7.837018929421901703e-03
7.239080965518951416e-03
7.736620493233203888e-03
7.044253405183553696e-03
7.129339035600423813e-03
7.565401028841733932e-03
7.813254371285438538e-03
7.815605960786342621e-03
7.239949423819780350e-03
7.226484827697277069e-03
6.855101324617862701e-03
7.395788095891475677e-03
7.455099374055862427e-03
7.523366250097751617e-03
7.613503374159336090e-03
7.063855882734060287e-03
7.233175914734601974e-03
7.591015193611383438e-03
7.239396218210458755e-03
