1.007216889411211014e-02
9.030665270984172821e-03
9.054414927959442139e-03
9.222984313964843750e-03
9.076592512428760529e-03
9.125443175435066223e-03
9.168826043605804443e-03
9.172247722744941711e-03
9.594268165528774261e-03
9.020009078085422516e-03
8.638272061944007874e-03
9.145380929112434387e-03
9.435986168682575226e-03
9.366140700876712799e-03
9.262507781386375427e-03
9.350085631012916565e-03
9.486392140388488770e-03
8.900226093828678131e-03
8.989453315734863281e-03
8.971133269369602203e-03
9.248559363186359406e-03
8.674236945807933807e-03
9.090602397918701172e-03
8.932030759751796722e-03
9.333935566246509552e-03
