1.402508746832609177e-02
5.778891593217849731e-02
1.697262749075889587e-02
1.611779071390628815e-02
1.463213749229907990e-02
1.455293688923120499e-02
1.432570070028305054e-02
1.362216938287019730e-02
1.366578694432973862e-02
1.452666521072387695e-02
1.575485058128833771e-02
1.417958270758390427e-02
1.441081427037715912e-02
1.458609383553266525e-02
1.451119314879179001e-02
1.408785395324230194e-02
1.408252026885747910e-02
1.392703223973512650e-02
1.533428300172090530e-02
1.487541384994983673e-02
1.394411921501159668e-02
1.389419380575418472e-02
1.326638273894786835e-02
1.345933694392442703e-02
1.386775542050600052e-02
