1.596648059785366058e-02
2.852669917047023773e-02
1.689394190907478333e-02
1.733063533902168274e-02
1.560679543763399124e-02
1.516171637922525406e-02
1.518482621759176254e-02
1.561122294515371323e-02
1.873539388179779053e-02
1.609801314771175385e-02
1.645193062722682953e-02
1.610592566430568695e-02
1.591764017939567566e-02
1.543952990323305130e-02
1.649932749569416046e-02
1.601851359009742737e-02
1.587275415658950806e-02
1.608695648610591888e-02
1.583829335868358612e-02
1.585309021174907684e-02
1.503210049122571945e-02
1.523163169622421265e-02
2.262664213776588440e-02
2.349324338138103485e-02
1.603694632649421692e-02
