5.760905798524618149e-03
4.410670325160026550e-02
5.527154542505741119e-03
5.350172519683837891e-03
4.916083533316850662e-03
5.385652184486389160e-03
5.207604262977838516e-03
5.721377674490213394e-03
5.768214818090200424e-03
5.174376070499420166e-03
5.350852850824594498e-03
5.428453441709280014e-03
5.036875605583190918e-03
5.215394310653209686e-03
5.208038259297609329e-03
5.449908319860696793e-03
5.319062154740095139e-03
5.385016556829214096e-03
5.413986742496490479e-03
5.118602421134710312e-03
5.203232169151306152e-03
5.517758429050445557e-03
5.126368254423141479e-03
4.967437591403722763e-03
5.287376698106527328e-03
