1.032527834177017212e-01
8.969768881797790527e-01
9.056376814842224121e-01
9.007250666618347168e-01
9.003061652183532715e-01
9.005406498908996582e-01
9.010952711105346680e-01
9.081095457077026367e-01
9.029227495193481445e-01
9.044554829597473145e-01
8.986129164695739746e-01
7.579780220985412598e-01
1.294322758913040161e-01
2.288147248327732086e-02
1.447210460901260376e-02
6.543955951929092407e-02
1.514592580497264862e-02
1.454365160316228867e-02
1.298372447490692139e-02
7.757566124200820923e-02
3.174300491809844971e-01
1.578828506171703339e-02
1.535570807754993439e-02
1.598012447357177734e-02
1.450565643608570099e-02
