7.412918843328952789e-03
7.369374390691518784e-03
1.708548143506050110e-02
7.425126153975725174e-03
7.187350653111934662e-03
7.248456124216318130e-03
7.329917512834072113e-03
7.401702459901571274e-03
7.164401467889547348e-03
6.993989925831556320e-03
7.076319307088851929e-03
7.059396244585514069e-03
7.530739065259695053e-03
7.097119931131601334e-03
6.952186580747365952e-03
7.128323893994092941e-03
7.209311705082654953e-03
7.051016669720411301e-03
6.970655173063278198e-03
7.031291257590055466e-03
7.031502667814493179e-03
7.099672220647335052e-03
7.050279993563890457e-03
7.180485874414443970e-03
6.843604147434234619e-03
