2.397675998508930206e-02
1.364749204367399216e-02
1.350962463766336441e-02
1.151746697723865509e-02
1.270394679158926010e-02
1.186414714902639389e-02
1.242639124393463135e-02
1.151525136083364487e-02
1.164899300783872604e-02
1.070043910294771194e-02
1.198509242385625839e-02
1.149582676589488983e-02
1.132606621831655502e-02
1.053807605057954788e-02
1.233417540788650513e-02
1.121932733803987503e-02
1.126575563102960587e-02
1.090323831886053085e-02
1.026932615786790848e-02
1.201247610151767731e-02
1.092290226370096207e-02
1.169474702328443527e-02
1.124394591897726059e-02
1.092667412012815475e-02
1.197999902069568634e-02
