1.422333996742963791e-02
1.541167777031660080e-02
9.301324374973773956e-03
1.027332060039043427e-02
9.423739276826381683e-03
9.485726244747638702e-03
9.236983023583889008e-03
9.504905901849269867e-03
9.013779461383819580e-03
9.057089686393737793e-03
8.614505641162395477e-03
9.020118042826652527e-03
9.407445788383483887e-03
8.939082734286785126e-03
1.017399597913026810e-02
9.023712947964668274e-03
9.449684061110019684e-03
8.976486511528491974e-03
9.421753697097301483e-03
9.991722181439399719e-03
8.772214874625205994e-03
9.023629128932952881e-03
8.605905808508396149e-03
8.711333386600017548e-03
8.649202995002269745e-03
