5.194067023694515228e-03
1.869337260723114014e-02
5.020928103476762772e-03
4.774932283908128738e-03
4.478909075260162354e-03
5.990959703922271729e-03
4.731894936412572861e-03
5.080777686089277267e-03
4.704198800027370453e-03
4.248411394655704498e-03
4.404790233820676804e-03
4.438706208020448685e-03
4.252998158335685730e-03
4.012739285826683044e-03
3.944234456866979599e-03
3.956365399062633514e-03
3.831116249784827232e-03
4.246716387569904327e-03
3.811049042269587517e-03
3.865025704726576805e-03
3.901304211467504501e-03
3.975669853389263153e-03
3.801969112828373909e-03
3.798583289608359337e-03
3.677116939797997475e-03
