9.912948124110698700e-03
1.061630435287952423e-02
1.048785727471113205e-02
1.011198852211236954e-02
1.056189369410276413e-02
1.015994977205991745e-02
9.848837740719318390e-03
9.890860877931118011e-03
1.057537365704774857e-02
1.039422210305929184e-02
1.027867663651704788e-02
1.101753674447536469e-02
1.087140850722789764e-02
1.069387700408697128e-02
1.038404274731874466e-02
1.041352190077304840e-02
1.049772463738918304e-02
1.034970860928297043e-02
1.036998443305492401e-02
1.052297838032245636e-02
1.005324721336364746e-02
1.053088996559381485e-02
1.087601017206907272e-02
1.056467182934284210e-02
9.757995605468750000e-03
