2.049155719578266144e-02
9.610252454876899719e-03
8.763655088841915131e-03
9.260228835046291351e-03
8.690299466252326965e-03
8.842247538268566132e-03
8.774058893322944641e-03
8.769759908318519592e-03
8.385903201997280121e-03
8.709141053259372711e-03
8.573695085942745209e-03
8.404368534684181213e-03
8.905522525310516357e-03
8.505255915224552155e-03
8.961043320596218109e-03
9.782659821212291718e-03
8.943299762904644012e-03
8.717128075659275055e-03
9.609298780560493469e-03
8.723441511392593384e-03
9.027719497680664062e-03
8.623608388006687164e-03
8.655118755996227264e-03
8.564154617488384247e-03
8.679999969899654388e-03
