8.565348573029041290e-03
5.587865784764289856e-02
8.439963683485984802e-03
8.819463662803173065e-03
8.668749593198299408e-03
8.061765693128108978e-03
8.424122817814350128e-03
8.686160668730735779e-03
8.256639353930950165e-03
8.377281017601490021e-03
8.115376345813274384e-03
8.472418412566184998e-03
8.235385641455650330e-03
8.109645918011665344e-03
8.393906988203525543e-03
8.006026037037372589e-03
7.911518216133117676e-03
8.307991549372673035e-03
8.460288867354393005e-03
8.155835792422294617e-03
8.007710799574851990e-03
8.491887710988521576e-03
8.569638244807720184e-03
8.621680550277233124e-03
8.440355770289897919e-03
