8.718186058104038239e-03
3.052367269992828369e-01
9.543525055050849915e-03
9.180895984172821045e-03
8.881228044629096985e-03
8.884076960384845734e-03
9.121973998844623566e-03
8.957326412200927734e-03
9.050711989402770996e-03
8.520609699189662933e-03
8.634675294160842896e-03
9.032256901264190674e-03
9.153673425316810608e-03
8.953313343226909637e-03
8.425428532063961029e-03
9.133251383900642395e-03
8.955722674727439880e-03
8.954117074608802795e-03
8.780740201473236084e-03
9.090897627174854279e-03
9.029994718730449677e-03
8.815294131636619568e-03
9.026094339787960052e-03
8.659512735903263092e-03
8.817994035780429840e-03
