1.900342665612697601e-02
1.458282954990863800e-02
1.679823696613311768e-01
1.673915423452854156e-02
1.593391783535480499e-02
1.561189349740743637e-02
1.451964955776929855e-02
4.749726131558418274e-02
1.603182964026927948e-02
1.596822217106819153e-02
1.549382694065570831e-02
1.509541273117065430e-02
1.423750631511211395e-02
2.827123366296291351e-02
1.524416636675596237e-02
1.493731606751680374e-02
1.460389792919158936e-02
1.442563999444246292e-02
1.372102741152048111e-02
1.360412687063217163e-02
1.371157635003328323e-02
1.334585063159465790e-02
1.310973800718784332e-02
1.333303563296794891e-02
1.692747510969638824e-02
