8.666967973113059998e-03
8.589886128902435303e-03
1.724396832287311554e-02
8.498729206621646881e-03
8.674638345837593079e-03
8.817275054752826691e-03
9.170944802463054657e-03
9.102798998355865479e-03
9.268742986023426056e-03
8.756914176046848297e-03
9.148201905190944672e-03
8.992090821266174316e-03
8.789007551968097687e-03
9.513980709016323090e-03
8.280269801616668701e-03
9.495896287262439728e-03
9.249703958630561829e-03
8.230966515839099884e-03
9.061500430107116699e-03
8.688973262906074524e-03
9.056567214429378510e-03
9.508443996310234070e-03
8.182941935956478119e-03
8.650188334286212921e-03
8.343433961272239685e-03
