1.224558893591165543e-02
1.076843030750751495e-02
1.078944467008113861e-02
1.116202771663665771e-02
1.100668776780366898e-02
1.131809502840042114e-02
1.083044987171888351e-02
1.086940523236989975e-02
1.004312746226787567e-02
1.148581411689519882e-02
1.086444593966007233e-02
1.116927154362201691e-02
1.028000097721815109e-02
1.056793984025716782e-02
1.068790070712566376e-02
1.020959764719009399e-02
1.039836741983890533e-02
1.045508962124586105e-02
1.006438117474317551e-02
1.041957270354032516e-02
1.037065126001834869e-02
1.130468863993883133e-02
1.141849998384714127e-02
1.042986568063497543e-02
1.048329472541809082e-02
