7.918415591120719910e-03
9.182145819067955017e-03
8.610678836703300476e-03
8.771285414695739746e-03
7.671180646866559982e-03
8.327766321599483490e-03
7.522250991314649582e-03
8.698960766196250916e-03
8.113645948469638824e-03
7.670590188354253769e-03
7.807699032127857208e-03
8.229332976043224335e-03
8.411453105509281158e-03
7.302661426365375519e-03
6.880769971758127213e-03
8.250851184129714966e-03
7.401207927614450455e-03
7.122704293578863144e-03
7.407987955957651138e-03
7.189382333308458328e-03
8.046317845582962036e-03
7.349278312176465988e-03
6.641372106969356537e-03
6.789080332964658737e-03
7.128338329493999481e-03
