7.566913031041622162e-03
7.559140212833881378e-03
7.824432104825973511e-03
7.674837019294500351e-03
8.678076788783073425e-03
7.936392910778522491e-03
8.136133663356304169e-03
7.797744125127792358e-03
7.803629618138074875e-03
7.917864248156547546e-03
8.077709935605525970e-03
7.729221601039171219e-03
8.045451715588569641e-03
7.713776547461748123e-03
8.439740166068077087e-03
7.573376875370740891e-03
7.926510646939277649e-03
7.479888387024402618e-03
7.487388793379068375e-03
7.568672765046358109e-03
7.973075844347476959e-03
7.472249213606119156e-03
7.658438291400671005e-03
7.434842176735401154e-03
7.705554366111755371e-03
