1.423826999962329865e-02
1.443752087652683258e-02
1.420210022479295731e-02
1.318281237035989761e-02
1.329325698316097260e-02
1.297628693282604218e-02
1.277606096118688583e-02
1.511455606669187546e-02
1.284232828766107559e-02
1.264285854995250702e-02
1.214260328561067581e-02
1.105924136936664581e-02
1.060197502374649048e-02
1.114166248589754105e-02
1.071243826299905777e-02
1.217221282422542572e-02
1.061898469924926758e-02
1.062471978366374969e-02
1.115680672228336334e-02
1.098911650478839874e-02
1.047741062939167023e-02
1.129321940243244171e-02
1.092097721993923187e-02
1.198282744735479355e-02
1.042106468230485916e-02
