1.131011731922626495e-02
1.001848280429840088e-02
8.654171228408813477e-02
1.047089044004678726e-02
1.040109340101480484e-02
1.047409232705831528e-02
1.019648183137178421e-02
9.907005354762077332e-03
1.024528127163648605e-02
1.020503696054220200e-02
1.009800750762224197e-02
1.017960906028747559e-02
1.010835263878107071e-02
1.003412995487451553e-02
1.008612755686044693e-02
9.962601587176322937e-03
9.923971258103847504e-03
1.000202167779207230e-02
1.026816386729478836e-02
1.015482190996408463e-02
1.023104507476091385e-02
1.007650047540664673e-02
1.049873698502779007e-02
1.012404076755046844e-02
1.003610901534557343e-02
