7.994340732693672180e-03
7.240604143589735031e-03
7.596186362206935883e-03
8.187388069927692413e-03
1.777180097997188568e-02
7.772953249514102936e-03
7.479626219719648361e-03
7.357214111834764481e-03
7.825726643204689026e-03
7.181820925325155258e-03
7.326033432036638260e-03
7.145870011299848557e-03
7.518641185015439987e-03
7.297458592802286148e-03
7.165654562413692474e-03
7.114688400179147720e-03
7.030510343611240387e-03
7.275715470314025879e-03
7.565327920019626617e-03
7.488687988370656967e-03
7.261787541210651398e-03
7.544070947915315628e-03
7.475633174180984497e-03
7.446598727256059647e-03
7.266701199114322662e-03
