9.036721661686897278e-03
5.851750820875167847e-02
9.446175768971443176e-03
9.114282205700874329e-03
9.002591483294963837e-03
8.561073802411556244e-03
8.743166923522949219e-03
8.756963536143302917e-03
9.087639860808849335e-03
9.164853021502494812e-03
8.506316691637039185e-03
8.004508912563323975e-03
8.382731117308139801e-03
8.415841497480869293e-03
8.609548211097717285e-03
8.570525795221328735e-03
8.630509488284587860e-03
9.154541417956352234e-03
8.759080432355403900e-03
8.675192482769489288e-03
8.717388845980167389e-03
8.512749336659908295e-03
8.490105159580707550e-03
8.571044541895389557e-03
1.065074373036623001e-02
