1.426543295383453369e-02
1.430448889732360840e-02
1.379735767841339111e-02
1.463601551949977875e-02
1.363358926028013229e-02
1.358173973858356476e-02
1.367183774709701538e-02
1.302599441260099411e-02
1.365858782082796097e-02
1.270538289099931717e-02
1.287221070379018784e-02
1.287502050399780273e-02
1.285812724381685257e-02
1.338150259107351303e-02
1.290118228644132614e-02
1.329252589493989944e-02
1.265159808099269867e-02
1.277618948370218277e-02
2.123359777033329010e-02
1.326817926019430161e-02
1.301710121333599091e-02
1.353896316140890121e-02
1.208754722028970718e-02
1.259757578372955322e-02
1.242567319422960281e-02
