8.096869103610515594e-03
9.817899204790592194e-03
9.614535607397556305e-03
1.619681343436241150e-02
8.350656367838382721e-03
8.768892847001552582e-03
8.601060137152671814e-03
8.595508523285388947e-03
8.562657982110977173e-03
8.389356546103954315e-03
8.371142670512199402e-03
7.999069057404994965e-03
8.578392677009105682e-03
8.134783245623111725e-03
8.394943550229072571e-03
8.102503605186939240e-03
8.134303614497184753e-03
8.337302133440971375e-03
8.737168274819850922e-03
8.231405168771743774e-03
7.988281548023223877e-03
8.454823866486549377e-03
8.152849040925502777e-03
8.001265116035938263e-03
8.312198333442211151e-03
