9.402163326740264893e-03
1.041584368795156479e-02
8.258165791630744934e-03
8.177747018635272980e-03
8.101193234324455261e-03
7.869786582887172699e-03
7.839300669729709625e-03
7.664020173251628876e-03
8.599967695772647858e-03
8.147023618221282959e-03
7.864085957407951355e-03
7.644996047019958496e-03
8.582950569689273834e-03
7.758066989481449127e-03
7.669190410524606705e-03
8.529120124876499176e-03
7.810038980096578598e-03
9.469665586948394775e-03
8.469490334391593933e-03
7.979180663824081421e-03
7.958735339343547821e-03
8.126934058964252472e-03
7.834176532924175262e-03
8.240011520683765411e-03
8.858007378876209259e-03
