1.033726241439580917e-02
1.131109800189733505e-02
1.130699273198843002e-02
1.060289330780506134e-02
1.022829581052064896e-02
1.067440491169691086e-02
1.137163396924734116e-02
1.064601354300975800e-02
1.034381054341793060e-02
1.075200084596872330e-02
1.036026328802108765e-02
1.132247038185596466e-02
1.059967000037431717e-02
1.019919849932193756e-02
1.049288641661405563e-02
1.035554707050323486e-02
1.056382711976766586e-02
1.010548416525125504e-02
1.045914273709058762e-02
1.050138007849454880e-02
1.021345891058444977e-02
1.044089905917644501e-02
1.072798110544681549e-02
1.047261711210012436e-02
1.030129101127386093e-02
