9.356872178614139557e-03
4.538040757179260254e-01
1.223852206021547318e-02
8.829602040350437164e-03
7.969683036208152771e-03
8.277122862637042999e-03
8.894600905478000641e-03
8.794189430773258209e-03
8.403399027884006500e-03
8.004241622984409332e-03
7.480969186872243881e-03
8.397959172725677490e-03
8.109118789434432983e-03
9.732633829116821289e-03
8.121799677610397339e-03
7.670692168176174164e-03
7.793369237333536148e-03
8.128344081342220306e-03
8.314368315041065216e-03
8.529699407517910004e-03
7.849017158150672913e-03
7.434207480400800705e-03
7.771715987473726273e-03
7.178463507443666458e-03
7.443840149790048599e-03
