1.089894585311412811e-02
7.074713706970214844e-02
1.049787458032369614e-02
9.938023984432220459e-03
1.106113661080598831e-02
1.075659971684217453e-02
9.660114534199237823e-03
9.613540954887866974e-03
9.891592897474765778e-03
9.957262314856052399e-03
1.055132318288087845e-02
1.007225085049867630e-02
9.924243204295635223e-03
1.034815143793821335e-02
1.013222336769104004e-02
9.887824766337871552e-03
9.858432225883007050e-03
1.829530857503414154e-02
9.881267324090003967e-03
9.701554663479328156e-03
1.035852916538715363e-02
1.014920417219400406e-02
1.037623826414346695e-02
1.039569545537233353e-02
1.219640858471393585e-02
