7.474847137928009033e-03
1.095662172883749008e-02
7.462991867214441299e-03
6.802337709814310074e-03
5.555381532758474350e-03
5.340760108083486557e-03
5.233391653746366501e-03
4.908702336251735687e-03
5.249702371656894684e-03
4.811795894056558609e-03
5.163919180631637573e-03
5.174078047275543213e-03
5.037023220211267471e-03
6.475788075476884842e-03
5.519079510122537613e-03
4.761484451591968536e-03
4.919386003166437149e-03
5.225587170571088791e-03
4.891226533800363541e-03
4.968374967575073242e-03
5.023474339395761490e-03
5.068077240139245987e-03
4.870052449405193329e-03
4.589652176946401596e-03
4.990838468074798584e-03
