9.968689642846584320e-03
7.636704947799444199e-03
7.746248506009578705e-03
7.258553057909011841e-03
7.431963924318552017e-03
7.130060810595750809e-03
8.034802041947841644e-03
6.996903102844953537e-03
6.927875336259603500e-03
7.356141228228807449e-03
7.543350104242563248e-03
7.235132157802581787e-03
7.519771810621023178e-03
6.948332767933607101e-03
7.691191975027322769e-03
6.930674426257610321e-03
7.065560668706893921e-03
7.527370471507310867e-03
7.582345046103000641e-03
6.905998103320598602e-03
6.868148688226938248e-03
6.916046142578125000e-03
6.984353531152009964e-03
6.905581802129745483e-03
7.078140974044799805e-03
