1.748022623360157013e-02
2.657696790993213654e-02
1.948953606188297272e-02
1.839347742497920990e-02
1.854925416409969330e-02
1.808085106313228607e-02
1.868811063468456268e-02
1.788378693163394928e-02
1.792716979980468750e-02
1.811255328357219696e-02
1.802842691540718079e-02
1.789708994328975677e-02
1.723525300621986389e-02
1.765829883515834808e-02
1.977146975696086884e-02
1.930688880383968353e-02
1.814663223922252655e-02
1.854537986218929291e-02
1.886336691677570343e-02
1.813006401062011719e-02
1.753113605082035065e-02
2.494402788579463959e-02
1.723048463463783264e-02
3.184575960040092468e-02
1.851995848119258881e-02
