1.271804515272378922e-02
1.474611926823854446e-02
1.254523079842329025e-02
1.262051891535520554e-02
1.245284546166658401e-02
1.372873876243829727e-02
1.588174700736999512e-02
1.275411993265151978e-02
1.226651575416326523e-02
3.423124179244041443e-02
1.271752826869487762e-02
1.243303250521421432e-02
1.281705498695373535e-02
1.255027484148740768e-02
1.250579115003347397e-02
1.267360802739858627e-02
1.204894203692674637e-02
1.134406961500644684e-02
1.243872102349996567e-02
1.344988774508237839e-02
1.267166342586278915e-02
1.218297611922025681e-02
1.174788456410169601e-02
1.177472434937953949e-02
1.247671153396368027e-02
