1.174568478018045425e-02
1.066547445952892303e-02
1.091053802520036697e-02
1.061600167304277420e-02
1.095284055918455124e-02
9.671034291386604309e-03
1.087654940783977509e-02
1.025047618895769119e-02
1.020302530378103256e-02
1.103947591036558151e-02
1.085636112838983536e-02
1.036189403384923935e-02
1.131802797317504883e-02
1.097373012453317642e-02
1.058243401348590851e-02
1.071444340050220490e-02
1.064132805913686752e-02
1.053933240473270416e-02
1.075025554746389389e-02
1.067986246198415756e-02
1.113838609308004379e-02
1.001456566154956818e-02
1.020414102822542191e-02
1.059306692332029343e-02
1.011372078210115433e-02
