7.823907770216464996e-03
7.963160984218120575e-03
7.900251075625419617e-03
7.518262602388858795e-03
7.492656353861093521e-03
7.698647677898406982e-03
7.952016778290271759e-03
7.296322379261255264e-03
7.230825722217559814e-03
7.544734980911016464e-03
7.275299634784460068e-03
7.340705953538417816e-03
7.505158428102731705e-03
7.469526026397943497e-03
7.494305726140737534e-03
7.422064896672964096e-03
7.486621849238872528e-03
7.375843822956085205e-03
7.407014723867177963e-03
7.528374902904033661e-03
7.408174220472574234e-03
7.354471366852521896e-03
7.883534766733646393e-03
7.555059622973203659e-03
7.169529329985380173e-03
