1.371662970632314682e-02
1.165910251438617706e-02
1.115701813250780106e-02
1.129802223294973373e-02
1.193119585514068604e-02
1.109791267663240433e-02
1.162560936063528061e-02
1.141533441841602325e-02
1.145537849515676498e-02
1.072900556027889252e-02
1.101040188223123550e-02
1.095939334481954575e-02
1.089848298579454422e-02
1.086187083274126053e-02
1.118035148829221725e-02
1.108469534665346146e-02
1.086360868066549301e-02
1.092115975916385651e-02
1.146893296390771866e-02
1.096327882260084152e-02
1.086274813860654831e-02
1.083152461796998978e-02
1.136067509651184082e-02
1.168268080800771713e-02
1.103788893669843674e-02
