8.119342848658561707e-03
1.673823595046997070e-02
8.345329202711582184e-03
8.659682236611843109e-03
8.101216517388820648e-03
8.167254738509654999e-03
7.872954942286014557e-03
7.604203652590513229e-03
8.059539832174777985e-03
8.170184679329395294e-03
7.823919877409934998e-03
7.763829082250595093e-03
7.892680354416370392e-03
7.949041202664375305e-03
7.896547205746173859e-03
7.481510285288095474e-03
8.278516121208667755e-03
8.368128910660743713e-03
8.180795237421989441e-03
7.563678082078695297e-03
7.317350246012210846e-03
7.346203085035085678e-03
7.411754690110683441e-03
7.094190455973148346e-03
7.240150589495897293e-03
