1.092132367193698883e-02
1.185583416372537613e-02
1.354256086051464081e-02
1.047678198665380478e-02
1.003538724035024643e-02
1.017295662313699722e-02
1.048115547746419907e-02
1.044266764074563980e-02
1.074907369911670685e-02
1.096240524202585220e-02
9.809010662138462067e-03
1.072285324335098267e-02
1.024661120027303696e-02
9.885615669190883636e-03
1.014007348567247391e-02
9.652922861278057098e-03
9.929308667778968811e-03
1.015929877758026123e-02
1.017879787832498550e-02
1.047638710588216782e-02
9.887544438242912292e-03
9.900088422000408173e-03
9.857470169663429260e-03
1.035698782652616501e-02
9.726895950734615326e-03
