1.166111230850219727e-02
1.182467304170131683e-02
1.171323470771312714e-02
1.110521890223026276e-02
1.087653450667858124e-02
1.105094142258167267e-02
1.101956050843000412e-02
1.126817800104618073e-02
1.073257159441709518e-02
1.102345529943704605e-02
1.106234081089496613e-02
1.139590982347726822e-02
1.079311501234769821e-02
1.122207101434469223e-02
1.086720917373895645e-02
1.126932352781295776e-02
1.092288177460432053e-02
1.059271208941936493e-02
1.070866268128156662e-02
1.118502486497163773e-02
1.132114231586456299e-02
1.133496221154928207e-02
1.056495215743780136e-02
2.688538096845149994e-02
1.092404592782258987e-02
