1.266107242554426193e-02
1.865501515567302704e-02
1.215654425323009491e-02
1.233252417296171188e-02
1.174856070429086685e-02
1.229287125170230865e-02
1.290851552039384842e-02
1.227589696645736694e-02
1.236002147197723389e-02
1.171835791319608688e-02
1.196440868079662323e-02
1.181451324373483658e-02
1.248548272997140884e-02
1.229204516857862473e-02
1.187814585864543915e-02
1.221232116222381592e-02
1.181127782911062241e-02
1.254621800035238266e-02
1.229676138609647751e-02
1.207384653389453888e-02
1.197831239551305771e-02
1.243218872696161270e-02
1.193307805806398392e-02
1.152237597852945328e-02
1.267905998975038528e-02
