1.148631423711776733e-02
1.155400928109884262e-02
1.228737272322177887e-02
1.183933950960636139e-02
1.301430352032184601e-02
1.215963903814554214e-02
1.157513819634914398e-02
2.141623571515083313e-02
1.183040533214807510e-02
1.158413290977478027e-02
1.166942063719034195e-02
1.465048734098672867e-02
1.129736658185720444e-02
1.174806710332632065e-02
1.150926016271114349e-02
1.185614522546529770e-02
1.162961963564157486e-02
1.146808173507452011e-02
1.155620068311691284e-02
1.159393880516290665e-02
1.210858393460512161e-02
1.177013572305440903e-02
1.168495230376720428e-02
1.195191685110330582e-02
1.195056736469268799e-02
