1.229915022850036621e-02
1.818090230226516724e-01
1.253749709576368332e-02
1.215951610356569290e-02
1.250556763261556625e-02
1.246650051325559616e-02
1.187172066420316696e-02
1.261408161371946335e-02
1.469126436859369278e-02
1.174491830170154572e-02
1.144025567919015884e-02
1.254048943519592285e-02
1.112826168537139893e-02
1.200234889984130859e-02
1.219665165990591049e-02
1.191606558859348297e-02
1.154107134789228439e-02
1.214815676212310791e-02
1.163758989423513412e-02
1.181068830192089081e-02
1.218990981578826904e-02
1.186984870582818985e-02
1.119830179959535599e-02
1.208755187690258026e-02
1.405190117657184601e-02
