9.449833072721958160e-03
2.307404391467571259e-02
9.705379605293273926e-03
6.365371495485305786e-02
9.210303425788879395e-03
9.170876815915107727e-03
8.350566029548645020e-03
8.887842297554016113e-03
7.310207933187484741e-03
7.584349252283573151e-03
7.537574507296085358e-03
7.458168547600507736e-03
7.415927015244960785e-03
8.217344991862773895e-03
7.241420447826385498e-03
7.382640149444341660e-03
7.369787897914648056e-03
7.591678760945796967e-03
7.924248464405536652e-03
7.692768238484859467e-03
7.119368296116590500e-03
7.700138725340366364e-03
8.237641304731369019e-03
8.645564317703247070e-03
8.063997142016887665e-03
