1.212976686656475067e-02
1.012103911489248276e-02
1.023876387625932693e-02
1.018107496201992035e-02
1.094224769622087479e-02
9.983585216104984283e-03
9.975835680961608887e-03
1.002012379467487335e-02
1.012444682419300079e-02
9.694336913526058197e-03
1.013607252389192581e-02
9.804998524487018585e-03
9.733307175338268280e-03
9.344912134110927582e-03
9.660752490162849426e-03
9.819458238780498505e-03
9.507599286735057831e-03
9.408457204699516296e-03
9.679681621491909027e-03
9.693740867078304291e-03
1.002221833914518356e-02
9.419843554496765137e-03
9.461629204452037811e-03
9.351842105388641357e-03
9.427273645997047424e-03
