8.437938056886196136e-03
8.296757005155086517e-03
7.089209742844104767e-03
2.286710403859615326e-02
7.075601723045110703e-03
7.166809402406215668e-03
1.017918530851602554e-02
7.009490393102169037e-03
6.892724428325891495e-03
6.744239013642072678e-03
8.349557407200336456e-03
6.803062278777360916e-03
7.007311563938856125e-03
6.881868001073598862e-03
6.404718849807977676e-03
7.682919967919588089e-03
6.946081761270761490e-03
6.743242498487234116e-03
6.731778383255004883e-03
6.619952153414487839e-03
6.913629826158285141e-03
6.691042799502611160e-03
6.518256384879350662e-03
6.879732012748718262e-03
7.093124557286500931e-03
