8.460344746708869934e-03
8.787726983428001404e-03
8.743803016841411591e-03
8.615150116384029388e-03
8.820007555186748505e-03
8.765303529798984528e-03
8.427354507148265839e-03
8.274023421108722687e-03
8.392590098083019257e-03
8.362651802599430084e-03
8.178599178791046143e-03
8.502498269081115723e-03
8.329493924975395203e-03
8.706247434020042419e-03
8.616843260824680328e-03
8.613563142716884613e-03
8.622450754046440125e-03
8.844876661896705627e-03
8.382947184145450592e-03
8.550130762159824371e-03
1.329013891518115997e-02
8.982430212199687958e-03
8.672007359564304352e-03
8.483240380883216858e-03
8.460852317512035370e-03
