1.539410650730133057e-02
1.546535734087228775e-02
1.484880410134792328e-02
1.425392366945743561e-02
1.459020841866731644e-02
1.381488703191280365e-02
1.442224625498056412e-02
1.497947238385677338e-02
1.421900745481252670e-02
1.399436127394437790e-02
1.413352973759174347e-02
1.414170395582914352e-02
1.444569230079650879e-02
1.488494034856557846e-02
1.360938046127557755e-02
1.357078831642866135e-02
1.250402163714170456e-02
1.578982733190059662e-02
1.236167550086975098e-02
1.440030522644519806e-02
1.382000837475061417e-02
1.277771778404712677e-02
1.147361937910318375e-02
2.155940420925617218e-02
4.904333874583244324e-02
