9.318715892732143402e-03
9.365582838654518127e-03
8.556899614632129669e-03
8.418364450335502625e-03
8.522863499820232391e-03
8.245036005973815918e-03
8.313758298754692078e-03
8.340554311871528625e-03
8.144908584654331207e-03
1.593625359237194061e-02
8.754719980061054230e-03
8.790766820311546326e-03
8.429179899394512177e-03
7.935776375234127045e-03
8.482378907501697540e-03
8.541757240891456604e-03
8.363231085240840912e-03
8.452108129858970642e-03
8.216802962124347687e-03
7.972231134772300720e-03
8.516910485923290253e-03
2.826440334320068359e-02
8.182218298316001892e-03
8.744079619646072388e-03
8.186119608581066132e-03
