7.541613187640905380e-03
6.570667494088411331e-03
6.315832026302814484e-03
8.089457638561725616e-03
6.060171872377395630e-03
6.854609586298465729e-03
6.165558937937021255e-03
6.181043107062578201e-03
6.077127996832132339e-03
6.365851499140262604e-03
6.167897023260593414e-03
6.565361283719539642e-03
6.293026264756917953e-03
5.858048796653747559e-03
6.129008717834949493e-03
6.436209660023450851e-03
5.770776886492967606e-03
6.027984898537397385e-03
5.840660072863101959e-03
5.972632206976413727e-03
5.993322934955358505e-03
6.373661104589700699e-03
5.653817672282457352e-03
5.979034584015607834e-03
5.965950433164834976e-03
