9.774468839168548584e-03
2.249221503734588623e-01
1.039892993867397308e-02
8.884074166417121887e-03
9.309030137956142426e-03
9.099063463509082794e-03
9.142492897808551788e-03
9.441084228456020355e-03
9.132474660873413086e-03
9.002766571938991547e-03
8.812527172267436981e-03
9.258992038667201996e-03
8.876255713403224945e-03
8.672361262142658234e-03
8.681516163051128387e-03
8.547169156372547150e-03
8.299907669425010681e-03
9.133093059062957764e-03
8.880467154085636139e-03
8.618379011750221252e-03
8.570603094995021820e-03
8.323182351887226105e-03
9.188579022884368896e-02
9.975477121770381927e-03
9.344600141048431396e-03
