8.137466385960578918e-03
7.205091416835784912e-03
8.830711245536804199e-03
7.453820668160915375e-03
7.052371744066476822e-03
6.857436615973711014e-03
6.681230850517749786e-03
7.072657346725463867e-03
6.989571265876293182e-03
7.521558087319135666e-03
6.479290314018726349e-03
6.484726909548044205e-03
6.899817381054162979e-03
7.191293407231569290e-03
8.591352030634880066e-03
7.111363112926483154e-03
6.881862878799438477e-03
6.829507648944854736e-03
6.939295213669538498e-03
6.873995065689086914e-03
6.921129766851663589e-03
7.011208217591047287e-03
7.055476307868957520e-03
6.591211538761854172e-03
7.054653018712997437e-03
