6.138276774436235428e-03
8.233922533690929413e-03
6.262268405407667160e-03
6.239880342036485672e-03
5.816363729536533356e-03
5.905235651880502701e-03
5.625269375741481781e-03
5.767196882516145706e-03
5.439474247395992279e-03
6.379030179232358932e-03
5.719557404518127441e-03
5.898450035601854324e-03
5.484172143042087555e-03
5.595988128334283829e-03
5.741257686167955399e-03
5.650605075061321259e-03
5.900006741285324097e-03
5.910278763622045517e-03
5.575471557676792145e-03
5.241438280791044235e-03
5.036962684243917465e-03
5.162860732525587082e-03
5.356519948691129684e-03
5.171768367290496826e-03
6.345788948237895966e-03
