1.129711978137493134e-02
8.482841774821281433e-03
9.332753717899322510e-03
8.485867641866207123e-03
9.867879562079906464e-03
8.409895934164524078e-03
8.518702350556850433e-03
8.994332514703273773e-03
8.310753852128982544e-03
8.794993162155151367e-03
8.494192734360694885e-03
8.483653888106346130e-03
8.008466102182865143e-03
8.430823683738708496e-03
8.071778342127799988e-03
8.749028667807579041e-03
8.720567449927330017e-03
7.986940443515777588e-03
7.941734977066516876e-03
8.378441445529460907e-03
8.430096320807933807e-03
8.430701680481433868e-03
8.240223862230777740e-03
8.071475662291049957e-03
1.027337182313203812e-02
