1.388396788388490677e-02
1.385164074599742889e-02
1.459634490311145782e-02
1.625930517911911011e-02
1.423923578113317490e-02
1.356443576514720917e-02
1.384376455098390579e-02
1.371317915618419647e-02
1.435327529907226562e-02
1.424586866050958633e-02
1.390234846621751785e-02
4.868363589048385620e-02
1.560242939740419388e-02
1.452550850808620453e-02
1.461633015424013138e-02
1.408547814935445786e-02
1.395995263010263443e-02
1.380548719316720963e-02
1.390692591667175293e-02
1.374423597007989883e-02
1.361961849033832550e-02
1.488223019987344742e-02
1.414085458964109421e-02
1.437967177480459213e-02
1.366954017430543900e-02
