1.600546576082706451e-02
3.144231066107749939e-02
1.569064334034919739e-02
1.442966889590024948e-02
1.419928763061761856e-02
1.431591529399156570e-02
1.456639356911182404e-02
1.500754244625568390e-02
1.463178638368844986e-02
1.425339747220277786e-02
1.415845286101102829e-02
1.375405769795179367e-02
1.486034691333770752e-02
1.529488153755664825e-02
1.428295113146305084e-02
1.472219172865152359e-02
1.521321199834346771e-02
1.524514891207218170e-02
1.398133207112550735e-02
1.366741675883531570e-02
1.386200636625289917e-02
1.527136843651533127e-02
1.474918145686388016e-02
1.381944958120584488e-02
1.378182880580425262e-02
