6.195924244821071625e-03
6.549318786710500717e-03
5.998927634209394455e-03
6.501838564872741699e-03
6.021796725690364838e-03
5.922418553382158279e-03
5.796591285616159439e-03
6.080943625420331955e-03
6.292920093983411789e-03
5.847498774528503418e-03
6.036812905222177505e-03
5.978041328489780426e-03
5.801141262054443359e-03
5.471856333315372467e-03
6.011684890836477280e-03
5.456041544675827026e-03
5.758874118328094482e-03
6.001428235322237015e-03
5.969839636236429214e-03
5.640823859721422195e-03
5.638025701045989990e-03
5.626400467008352280e-03
5.660695489495992661e-03
5.818700883537530899e-03
1.087883580476045609e-02
