7.197742816060781479e-03
7.652057800441980362e-03
7.831372320652008057e-03
7.434405852109193802e-03
7.307697553187608719e-03
7.358709815889596939e-03
7.608036510646343231e-03
7.133863866329193115e-03
7.547136861830949783e-03
7.070097606629133224e-03
7.597074843943119049e-03
7.130160927772521973e-03
7.575619500130414963e-03
7.463269867002964020e-03
7.990689016878604889e-03
7.668563164770603180e-03
7.369055412709712982e-03
7.439308799803256989e-03
7.116588298231363297e-03
7.629938889294862747e-03
7.398732937872409821e-03
7.301471196115016937e-03
7.423792500048875809e-03
7.122008595615625381e-03
8.200894109904766083e-03
