1.060515455901622772e-02
4.677333831787109375e-01
1.140842679888010025e-02
9.800873696804046631e-03
1.005824562162160873e-02
9.634220041334629059e-03
1.015268731862306595e-02
1.016957126557826996e-02
9.463360533118247986e-03
1.032363902777433395e-02
1.001558266580104828e-02
9.361453354358673096e-03
9.325595572590827942e-03
8.851922117173671722e-03
9.919003583490848541e-03
9.581497870385646820e-03
9.749634191393852234e-03
9.386216290295124054e-03
1.023536734282970428e-02
9.949550963938236237e-03
1.037649903446435928e-02
1.049834489822387695e-02
9.669878520071506500e-03
9.226461872458457947e-03
8.825485594570636749e-03
