1.583239622414112091e-02
3.410685658454895020e-01
2.690194547176361084e-02
1.588340662419795990e-02
1.464878208935260773e-02
1.454719621688127518e-02
1.520159840583801270e-02
1.516406238079071045e-02
1.588778384029865265e-02
1.991982385516166687e-02
1.506615336984395981e-02
1.486011873930692673e-02
1.489768456667661667e-02
1.483927201479673386e-02
1.474075485020875931e-02
1.464151684194803238e-02
1.404432486742734909e-02
1.664978265762329102e-02
1.561246812343597412e-02
1.574244722723960876e-02
1.531271077692508698e-02
1.560175977647304535e-02
1.490634772926568985e-02
1.552068348973989487e-02
1.499201636761426926e-02
