1.119192969053983688e-02
1.109695341438055038e-02
1.060621347278356552e-02
1.682726666331291199e-02
1.105879899114370346e-02
1.086513884365558624e-02
1.060240156948566437e-02
1.927132718265056610e-02
1.080210041254758835e-02
1.070435345172882080e-02
1.072362903505563736e-02
1.101402752101421356e-02
1.064508408308029175e-02
1.103491894900798798e-02
1.068662200123071671e-02
2.677958272397518158e-02
1.080409158021211624e-02
1.097965799272060394e-02
1.075765304267406464e-02
1.075359154492616653e-02
1.070725824683904648e-02
1.073858048766851425e-02
1.072691101580858231e-02
1.091355737298727036e-02
1.052035577595233917e-02
