1.123607996851205826e-02
1.793401129543781281e-02
1.123496890068054199e-02
1.115531753748655319e-02
1.070910878479480743e-02
1.045046932995319366e-02
1.124588586390018463e-02
1.095855794847011566e-02
1.042071543633937836e-02
1.068906486034393311e-02
1.075412239879369736e-02
1.177209895104169846e-02
1.126806531101465225e-02
1.127056498080492020e-02
1.150322426110506058e-02
1.135672163218259811e-02
1.064667943865060806e-02
1.138253696262836456e-02
1.133499573916196823e-02
1.002856064587831497e-02
1.120609883219003677e-02
1.111958734691143036e-02
1.056981552392244339e-02
1.055506523698568344e-02
1.077982969582080841e-02
