8.453142829239368439e-03
1.127229817211627960e-02
7.651262916624546051e-03
8.222604170441627502e-03
7.448067422956228256e-03
8.057357743382453918e-03
7.455624639987945557e-03
7.771811448037624359e-03
1.038854103535413742e-02
7.500501815229654312e-03
9.809789247810840607e-03
7.352442480623722076e-03
7.327601313591003418e-03
8.471423760056495667e-03
9.876719675958156586e-03
7.384941447526216507e-03
7.484606467187404633e-03
6.798539776355028152e-03
7.633461151272058487e-03
7.223830558359622955e-03
1.342008356004953384e-02
7.288530468940734863e-03
7.739278022199869156e-03
7.351990323513746262e-03
6.997938733547925949e-03
