7.951136678457260132e-03
7.536898367106914520e-03
7.623513694852590561e-03
7.690524216741323471e-03
1.692983880639076233e-02
7.630228996276855469e-03
7.655883673578500748e-03
7.377831730991601944e-03
7.089642342180013657e-03
7.598803378641605377e-03
7.595064584165811539e-03
7.654709275811910629e-03
7.888576947152614594e-03
7.414268795400857925e-03
7.402059156447649002e-03
7.186827715486288071e-03
7.161081768572330475e-03
7.240335922688245773e-03
7.125231903046369553e-03
7.595829665660858154e-03
7.537509314715862274e-03
7.439428009092807770e-03
7.393449544906616211e-03
7.733053527772426605e-03
7.586927618831396103e-03
