1.811408065259456635e-02
1.782435737550258636e-02
2.348147891461849213e-02
1.728151179850101471e-02
1.934920810163021088e-02
1.718209870159626007e-02
5.109118670225143433e-02
1.652804017066955566e-02
1.704321429133415222e-02
1.672812364995479584e-02
1.895534992218017578e-02
1.673596166074275970e-02
1.695178262889385223e-02
1.658822409808635712e-02
1.613917760550975800e-02
1.570575498044490814e-02
1.949213631451129913e-02
1.706027053296566010e-02
1.657015085220336914e-02
1.672985963523387909e-02
1.690492592751979828e-02
1.620270684361457825e-02
1.627842895686626434e-02
1.647559180855751038e-02
1.672184653580188751e-02
