4.357120022177696228e-03
1.348302420228719711e-02
4.162524826824665070e-03
4.807148594409227371e-03
4.183574579656124115e-03
5.504894535988569260e-03
4.245584830641746521e-03
3.838297445327043533e-03
3.841217374429106712e-03
3.963186871260404587e-03
3.785088192671537399e-03
3.844092832878232002e-03
3.859291551634669304e-03
3.920243121683597565e-03
3.974703606218099594e-03
3.864947240799665451e-03
3.743765177205204964e-03
3.761851927265524864e-03
3.637753427028656006e-03
3.644900396466255188e-03
3.611149499192833900e-03
3.656825749203562737e-03
3.654725151136517525e-03
3.583247074857354164e-03
3.617990296334028244e-03
