1.425167731940746307e-02
1.496623456478118896e-02
1.312077697366476059e-02
1.432649884372949600e-02
1.861629448831081390e-02
1.455392967909574509e-02
1.446186844259500504e-02
1.605604775249958038e-02
1.423826348036527634e-02
1.379209943115711212e-02
1.529447548091411591e-02
1.321184448897838593e-02
1.414874289184808731e-02
1.423709746450185776e-02
1.472829747945070267e-02
1.337371580302715302e-02
1.425998657941818237e-02
1.380714680999517441e-02
1.386714447289705276e-02
1.400204002857208252e-02
1.435033977031707764e-02
1.520015764981508255e-02
1.387901511043310165e-02
1.328402571380138397e-02
1.434399839490652084e-02
