4.446705337613821030e-03
1.553519722074270248e-02
4.306394141167402267e-03
4.207642748951911926e-03
4.209183622151613235e-03
4.280506167560815811e-03
4.159321542829275131e-03
4.219002556055784225e-03
4.211011808365583420e-03
4.232869483530521393e-03
4.254125524312257767e-03
4.310414660722017288e-03
4.324262030422687531e-03
4.107668064534664154e-03
4.335221834480762482e-03
4.102914128452539444e-03
4.334618803113698959e-03
4.202283453196287155e-03
4.250162746757268906e-03
4.208002705127000809e-03
4.370486363768577576e-03
4.219296388328075409e-03
4.067164380103349686e-03
4.136461298912763596e-03
4.058534279465675354e-03
