5.405152682214975357e-03
2.168540842831134796e-02
5.181958433240652084e-03
5.265757441520690918e-03
4.739549476653337479e-03
4.420259036123752594e-03
4.464740399271249771e-03
4.653338342905044556e-03
4.539857152849435806e-03
4.249109886586666107e-03
3.839222947135567665e-03
4.507308360189199448e-03
4.660119768232107162e-03
4.268999677151441574e-03
3.923110663890838623e-03
4.434080328792333603e-03
4.959807731211185455e-03
5.251503083854913712e-03
4.616417922079563141e-03
4.375225864350795746e-03
4.276779014617204666e-03
4.102074075490236282e-03
4.425171762704849243e-03
4.364677704870700836e-03
4.259237088263034821e-03
