7.841067388653755188e-03
7.542567793279886246e-03
9.162624366581439972e-03
7.160884793847799301e-03
7.052712608128786087e-03
7.470317184925079346e-03
6.834094412624835968e-03
6.875134538859128952e-03
6.658616010099649429e-03
6.638101767748594284e-03
6.568520795553922653e-03
7.256540935486555099e-03
7.176125887781381607e-03
6.885197479277849197e-03
6.774169858545064926e-03
6.717588286846876144e-03
7.205836009234189987e-03
6.888923235237598419e-03
6.535918451845645905e-03
6.593851838260889053e-03
6.705377716571092606e-03
6.228844169527292252e-03
6.375972647219896317e-03
7.069828920066356659e-03
6.662345025688409805e-03
