8.487302809953689575e-03
8.754847571253776550e-03
1.235601771622896194e-02
7.865512743592262268e-03
8.852145634591579437e-03
9.680961258709430695e-03
8.404693566262722015e-03
7.920997217297554016e-03
1.040888857096433640e-02
8.823907002806663513e-03
8.748690597712993622e-03
7.831779308617115021e-03
7.440076209604740143e-03
7.886740379035472870e-03
7.334223482757806778e-03
8.044174872338771820e-03
7.872045040130615234e-03
7.738330867141485214e-03
7.814281620085239410e-03
7.530409377068281174e-03
7.453194353729486465e-03
7.558153010904788971e-03
7.602179888635873795e-03
7.331679575145244598e-03
7.193081080913543701e-03
