5.971230566501617432e-03
2.352415956556797028e-02
5.964653100818395615e-03
5.261989682912826538e-02
5.881918128579854965e-03
5.661037284880876541e-03
5.324895028024911880e-03
5.550600588321685791e-03
5.285918712615966797e-03
5.957105197012424469e-03
6.006498355418443680e-03
5.699886940419673920e-03
5.576073657721281052e-03
5.329439882189035416e-03
5.412119906395673752e-03
5.199367646127939224e-03
5.338201764971017838e-03
5.467888433486223221e-03
5.270362365990877151e-03
5.587370134890079498e-03
5.350772757083177567e-03
5.012979265302419662e-03
5.205740686506032944e-03
5.603102501481771469e-03
5.712134297937154770e-03
