7.122633047401905060e-03
6.281254440546035767e-02
7.917395792901515961e-03
8.146584033966064453e-03
7.318831048905849457e-03
6.889290176331996918e-03
7.171255070716142654e-03
9.022486396133899689e-03
7.201476953923702240e-03
7.110305596143007278e-03
6.449789740145206451e-03
6.650030147284269333e-03
7.015890441834926605e-03
7.286438252776861191e-03
6.926304195076227188e-03
6.882209796458482742e-03
7.039860356599092484e-03
6.964530330151319504e-03
6.565646268427371979e-03
6.259407848119735718e-03
6.129867397248744965e-03
1.029727142304182053e-02
7.921090349555015564e-03
7.151473779231309891e-03
7.768684066832065582e-03
