1.511247921735048294e-02
6.845163647085428238e-03
5.915550049394369125e-03
5.920121911913156509e-03
5.769975017756223679e-03
6.139541510492563248e-03
5.560577847063541412e-03
5.694077815860509872e-03
5.535267759114503860e-03
5.330252926796674728e-03
5.552236456423997879e-03
5.555111449211835861e-03
5.816288758069276810e-03
5.479061510413885117e-03
5.882628262042999268e-03
5.502200685441493988e-03
5.800596904009580612e-03
5.522071383893489838e-03
5.135488696396350861e-03
5.694397725164890289e-03
5.718064494431018829e-03
5.369037855416536331e-03
5.378209054470062256e-03
5.496320314705371857e-03
5.569823086261749268e-03
