9.349325671792030334e-03
9.162091650068759918e-03
9.464375674724578857e-03
8.837941102683544159e-03
8.743869140744209290e-03
9.168424643576145172e-03
2.516884543001651764e-02
9.563452564179897308e-03
9.210369549691677094e-03
8.833131752908229828e-03
9.291419759392738342e-03
8.379066362977027893e-03
8.905145339667797089e-03
8.684708736836910248e-03
8.483746089041233063e-03
1.020662952214479446e-02
9.521325118839740753e-03
1.054489798843860626e-02
9.221674874424934387e-03
8.811003528535366058e-03
9.051471017301082611e-03
8.984317071735858917e-03
8.193358778953552246e-03
9.146702475845813751e-03
8.729865774512290955e-03
