7.062148302793502808e-03
6.327287293970584869e-03
6.691633723676204681e-03
6.135567091405391693e-03
6.436909083276987076e-03
6.128429900854825974e-03
8.271801285445690155e-03
7.322419900447130203e-03
6.373981479555368423e-03
6.296575069427490234e-03
6.282303947955369949e-03
6.263365037739276886e-03
6.014055106788873672e-03
5.992611404508352280e-03
6.192435510456562042e-03
6.551779340952634811e-03
5.793073214590549469e-03
6.008610129356384277e-03
6.099190097302198410e-03
6.358572281897068024e-03
6.019677501171827316e-03
6.079301238059997559e-03
5.631254054605960846e-03
5.839527584612369537e-03
6.160811521112918854e-03
