1.192785613238811493e-02
1.105609443038702011e-02
1.059703715145587921e-02
1.058679167181253433e-02
1.095369737595319748e-02
1.059146225452423096e-02
1.122371759265661240e-02
1.070808526128530502e-02
1.066401507705450058e-02
1.053307857364416122e-02
1.049916725605726242e-02
1.069625653326511383e-02
1.062694843858480453e-02
1.053696125745773315e-02
1.098628342151641846e-02
1.068075001239776611e-02
1.043210458010435104e-02
1.063585281372070312e-02
1.099926419556140900e-02
1.073285937309265137e-02
1.036819815635681152e-02
1.168517768383026123e-02
1.061650272458791733e-02
1.135281194001436234e-02
1.110971067100763321e-02
