2.757984399795532227e-02
2.291538380086421967e-02
2.245302684605121613e-02
2.219322323799133301e-02
2.255792357027530670e-02
2.252170071005821228e-02
2.313431724905967712e-02
2.326284348964691162e-02
2.292082086205482483e-02
2.298288419842720032e-02
2.254631929099559784e-02
2.321102283895015717e-02
2.298488840460777283e-02
2.301746234297752380e-02
2.257031761109828949e-02
2.292062714695930481e-02
2.236375585198402405e-02
2.264180593192577362e-02
2.216530963778495789e-02
2.279602177441120148e-02
2.426906861364841461e-02
2.272203564643859863e-02
2.217460982501506805e-02
2.312049642205238342e-02
2.253240719437599182e-02
