1.581147685647010803e-02
1.521182898432016373e-02
1.633271016180515289e-02
1.525271125137805939e-02
1.521621830761432648e-02
1.480029523372650146e-02
1.574532315135002136e-02
1.526749320328235626e-02
1.405422575771808624e-02
1.454806793481111526e-02
1.422222889959812164e-02
1.401235628873109818e-02
1.389613933861255646e-02
1.372536364942789078e-02
1.528342906385660172e-02
1.437090244144201279e-02
1.385676022619009018e-02
1.446882914751768112e-02
1.452509034425020218e-02
1.361168920993804932e-02
1.434752531349658966e-02
1.468699239194393158e-02
1.377870980650186539e-02
1.421090867370367050e-02
1.419543381780385971e-02
