1.087661553174257278e-02
1.060228887945413589e-02
1.048662234097719193e-02
1.112496852874755859e-02
1.015673018991947174e-02
1.046585384756326675e-02
1.051580626517534256e-02
1.006377581506967545e-02
1.052807457745075226e-02
1.019643247127532959e-02
1.023516245186328888e-02
1.093210466206073761e-02
1.007898058742284775e-02
1.095503102988004684e-02
1.042242441326379776e-02
1.100911386311054230e-02
1.161939371377229691e-02
1.025727856904268265e-02
1.004361268132925034e-02
1.133724208921194077e-02
1.074128039181232452e-02
1.043006312102079391e-02
1.045458484441041946e-02
1.254810299724340439e-02
1.028854493051767349e-02
