2.020789310336112976e-02
1.844560727477073669e-02
1.963119208812713623e-02
1.951673068106174469e-02
1.876385696232318878e-02
1.825397275388240814e-02
1.778266206383705139e-02
1.749077439308166504e-02
1.750677265226840973e-02
2.008395455777645111e-02
1.885114610195159912e-02
1.890031993389129639e-02
1.811106316745281219e-02
1.868992671370506287e-02
1.844120398163795471e-02
1.870327815413475037e-02
1.878626458346843719e-02
1.777330227196216583e-02
1.755887828767299652e-02
1.734130457043647766e-02
1.855394616723060608e-02
2.002854272723197937e-02
1.894222386181354523e-02
1.813966967165470123e-02
1.694204285740852356e-02
