1.184646505862474442e-02
1.058171223849058151e-02
1.048635598272085190e-02
1.010192744433879852e-02
1.078973896801471710e-02
1.016624085605144501e-02
1.038779225200414658e-02
9.792007505893707275e-03
1.002325583249330521e-02
1.068092882633209229e-02
1.025728043168783188e-02
1.050254609435796738e-02
9.990581311285495758e-03
1.026787050068378448e-02
9.767494164407253265e-03
1.099954731762409210e-02
1.045984867960214615e-02
1.056107413023710251e-02
1.091408263891935349e-02
1.031613349914550781e-02
1.003085914999246597e-02
1.038045529276132584e-02
1.024142745882272720e-02
1.053510140627622604e-02
1.004800200462341309e-02
