1.133576035499572754e-02
1.171386428177356720e-02
1.231233961880207062e-02
1.183484401553869247e-02
1.172265969216823578e-02
1.189848128706216812e-02
1.186205632984638214e-02
1.149818766862154007e-02
1.172002870589494705e-02
1.221069972962141037e-02
1.112831477075815201e-02
1.109415013343095779e-02
1.129817683249711990e-02
1.212376449257135391e-02
1.139938645064830780e-02
1.172702014446258545e-02
1.211818587034940720e-02
1.205522846430540085e-02
1.172643899917602539e-02
1.179266721010208130e-02
1.209064759314060211e-02
1.115723140537738800e-02
1.145691145211458206e-02
1.198086421936750412e-02
1.198121905326843262e-02
