8.759613148868083954e-03
8.590213023126125336e-03
8.511601947247982025e-03
8.677160367369651794e-03
8.707162924110889435e-03
8.409514091908931732e-03
8.306219242513179779e-03
8.393964730203151703e-03
8.436785079538822174e-03
8.557645604014396667e-03
8.518488146364688873e-03
8.484256453812122345e-03
8.878558874130249023e-03
8.701935410499572754e-03
8.424323052167892456e-03
8.325591683387756348e-03
8.618484251201152802e-03
8.305455558001995087e-03
8.245672099292278290e-03
8.338142186403274536e-03
8.498816750943660736e-03
8.532409556210041046e-03
8.344742469489574432e-03
8.537737652659416199e-03
8.259318768978118896e-03
