9.455544874072074890e-03
9.229632094502449036e-03
9.295643307268619537e-03
9.132414124906063080e-03
8.923750370740890503e-03
8.955831639468669891e-03
8.924227207899093628e-03
8.793188259005546570e-03
9.136301465332508087e-03
8.967782370746135712e-03
9.454517625272274017e-03
9.539525024592876434e-03
8.970730006694793701e-03
9.480741806328296661e-03
8.950971998274326324e-03
9.435487911105155945e-03
9.239311330020427704e-03
9.161657653748989105e-03
9.037850424647331238e-03
9.427443146705627441e-03
9.388200938701629639e-03
8.888429962098598480e-03
9.013475850224494934e-03
8.764182217419147491e-03
9.088004939258098602e-03
