7.554288022220134735e-03
7.462480105459690094e-03
7.281037978827953339e-03
7.199036888778209686e-03
7.185935042798519135e-03
7.644499652087688446e-03
7.488873787224292755e-03
7.185631897300481796e-03
7.074121385812759399e-03
7.411524187773466110e-03
7.401846349239349365e-03
7.134243845939636230e-03
7.243081461638212204e-03
7.360563613474369049e-03
7.480213884264230728e-03
7.341559976339340210e-03
7.378586567938327789e-03
7.323361933231353760e-03
7.300720084458589554e-03
7.262802682816982269e-03
7.132924161851406097e-03
7.293079514056444168e-03
7.233362644910812378e-03
7.251804228872060776e-03
7.602639496326446533e-03
