7.829741574823856354e-03
6.830323021858930588e-03
6.343882530927658081e-03
6.270160432904958725e-03
5.750239826738834381e-03
5.480838473886251450e-03
5.469988565891981125e-03
5.734181497246026993e-03
5.348270293325185776e-03
5.098797380924224854e-03
5.320945288985967636e-03
5.384723655879497528e-03
5.269074346870183945e-03
5.115721374750137329e-03
5.179090891033411026e-03
5.221528466790914536e-03
5.120280664414167404e-03
5.369908176362514496e-03
5.174890626221895218e-03
5.442008841782808304e-03
5.137375090271234512e-03
5.255828145891427994e-03
5.245896521955728531e-03
5.326613783836364746e-03
5.320849828422069550e-03
