1.388255599886178970e-02
1.403384748846292496e-02
1.365615148097276688e-02
1.385694276541471481e-02
1.420444902032613754e-02
1.322741527110338211e-02
1.368117984384298325e-02
1.369746308773756027e-02
1.367273740470409393e-02
1.366150658577680588e-02
1.290483307093381882e-02
1.324484404176473618e-02
1.336005982011556625e-02
1.352124754339456558e-02
1.354232244193553925e-02
1.330079603940248489e-02
1.299749966710805893e-02
1.333115156739950180e-02
1.363879907876253128e-02
1.388431806117296219e-02
1.384649984538555145e-02
1.328975707292556763e-02
1.358167733997106552e-02
1.429643575102090836e-02
1.328769139945507050e-02
