7.480091415345668793e-03
7.558749057352542877e-03
7.320190314203500748e-03
7.681930903345346451e-03
7.246058434247970581e-03
6.860408931970596313e-03
7.319778203964233398e-03
6.764753721654415131e-03
6.790392566472291946e-03
7.161051034927368164e-03
6.872037891298532486e-03
7.110093720257282257e-03
6.918545812368392944e-03
6.674720440059900284e-03
6.732334382832050323e-03
7.028229534626007080e-03
6.978797260671854019e-03
6.918991915881633759e-03
7.138296030461788177e-03
6.627132650464773178e-03
6.952187512069940567e-03
9.046106599271297455e-03
7.494600024074316025e-03
7.380039896816015244e-03
8.230770938098430634e-03
