1.354581862688064575e-02
1.212709862738847733e-02
1.149487216025590897e-02
1.184551138430833817e-02
1.147228572517633438e-02
1.176090352237224579e-02
1.166012417525053024e-02
1.156379468739032745e-02
1.171861123293638229e-02
1.137541327625513077e-02
1.123739499598741531e-02
1.155996043235063553e-02
1.169702224433422089e-02
1.101547479629516602e-02
1.133355498313903809e-02
1.119120884686708450e-02
1.144130062311887741e-02
1.157887000590562820e-02
1.109463535249233246e-02
1.160695590078830719e-02
1.183931343257427216e-02
1.137052942067384720e-02
1.123093068599700928e-02
1.148159150034189224e-02
1.096765883266925812e-02
