1.361920405179262161e-02
1.213239971548318863e-02
1.281926687806844711e-02
1.089753024280071259e-02
1.106270682066679001e-02
1.166365854442119598e-02
1.085868664085865021e-02
1.147065591067075729e-02
1.083865948021411896e-02
1.076160185039043427e-02
1.076213084161281586e-02
1.083186920732259750e-02
1.087448000907897949e-02
1.060548145323991776e-02
1.101447455585002899e-02
1.146212220191955566e-02
1.060399226844310760e-02
1.096442900598049164e-02
1.061306800693273544e-02
1.098414417356252670e-02
1.116041373461484909e-02
1.045149657875299454e-02
1.124873291701078415e-02
1.105529535561800003e-02
1.030138973146677017e-02
