1.110223680734634399e-02
1.041835453361272812e-02
1.005977950990200043e-02
1.029839273542165756e-02
1.004765462130308151e-02
1.018099486827850342e-02
1.032140199095010757e-02
1.009626965969800949e-02
1.029611565172672272e-02
1.014233846217393875e-02
1.003794278949499130e-02
1.018106285482645035e-02
1.009183656424283981e-02
1.036174595355987549e-02
1.032335031777620316e-02
1.015201210975646973e-02
1.022623479366302490e-02
9.845683351159095764e-03
1.033917907625436783e-02
1.022864878177642822e-02
1.025154348462820053e-02
1.000491250306367874e-02
1.006736326962709427e-02
1.010855194181203842e-02
1.023180317133665085e-02
