1.155459228903055191e-02
1.078492868691682816e-02
1.016894448548555374e-02
1.026645489037036896e-02
1.011521089822053909e-02
1.035034842789173126e-02
1.052514184266328812e-02
1.021913997828960419e-02
1.016978640109300613e-02
1.049199048429727554e-02
1.044042594730854034e-02
1.007823366671800613e-02
1.044445578008890152e-02
1.030437462031841278e-02
1.022862084209918976e-02
1.077031064778566360e-02
9.837633930146694183e-03
1.034746319055557251e-02
1.008173171430826187e-02
1.048977673053741455e-02
1.046567503362894058e-02
1.025907788425683975e-02
9.922276251018047333e-03
9.930866770446300507e-03
1.046203542500734329e-02
