1.728629507124423981e-02
1.812673546373844147e-02
1.727471314370632172e-02
1.967546902596950531e-02
1.675860211253166199e-02
1.737618260085582733e-02
1.609467156231403351e-02
1.693036779761314392e-02
1.650677621364593506e-02
1.772665046155452728e-02
1.612294279038906097e-02
1.706362329423427582e-02
1.714234612882137299e-02
1.745767705142498016e-02
1.665584743022918701e-02
1.661385037004947662e-02
1.704999245703220367e-02
1.714189164340496063e-02
1.660433970391750336e-02
1.616531051695346832e-02
1.679640449583530426e-02
1.645273901522159576e-02
1.649671792984008789e-02
1.723811589181423187e-02
1.612158678472042084e-02
