8.056857623159885406e-03
7.710266392678022385e-03
8.012016303837299347e-03
7.820231840014457703e-03
8.051141165196895599e-03
8.048362098634243011e-03
7.769611198455095291e-03
8.109023794531822205e-03
7.850986905395984650e-03
8.151899091899394989e-03
7.932442240417003632e-03
7.699233014136552811e-03
7.653204258531332016e-03
7.656584959477186203e-03
8.113639429211616516e-03
7.812993600964546204e-03
7.624628487974405289e-03
7.905133068561553955e-03
7.811487186700105667e-03
8.100402541458606720e-03
7.972171530127525330e-03
8.141921833157539368e-03
8.052260614931583405e-03
7.767212111502885818e-03
7.738803047686815262e-03
