8.169198408722877502e-03
7.160276174545288086e-03
7.281987927854061127e-03
7.421723566949367523e-03
7.153951097279787064e-03
7.524149958044290543e-03
7.282639387995004654e-03
7.625327911227941513e-03
7.361847907304763794e-03
7.250423077493906021e-03
7.005791645497083664e-03
7.032448891550302505e-03
7.303819525986909866e-03
7.546793203800916672e-03
7.097522728145122528e-03
7.125166710466146469e-03
7.671374361962080002e-03
7.358883973211050034e-03
7.028443273156881332e-03
7.070917170494794846e-03
7.240880746394395828e-03
7.135585881769657135e-03
7.174365222454071045e-03
7.589939516037702560e-03
7.291309535503387451e-03
