8.802471682429313660e-03
8.466199040412902832e-03
8.104293607175350189e-03
7.833437994122505188e-03
7.872951216995716095e-03
7.766342721879482269e-03
7.579152006655931473e-03
7.900857366621494293e-03
7.793427444994449615e-03
8.036730810999870300e-03
8.103034459054470062e-03
7.866973057389259338e-03
8.114933967590332031e-03
7.845415733754634857e-03
7.626682985574007034e-03
7.707220502197742462e-03
7.795582525432109833e-03
7.756218314170837402e-03
7.633866276592016220e-03
7.715144194662570953e-03
7.826274260878562927e-03
7.750535849481821060e-03
7.843097671866416931e-03
7.907007820904254913e-03
7.927378639578819275e-03
