8.210453204810619354e-03
8.461032994091510773e-03
8.005500771105289459e-03
8.056743070483207703e-03
8.061596192419528961e-03
8.395766839385032654e-03
8.110600523650646210e-03
8.027280680835247040e-03
8.022816851735115051e-03
8.523504249751567841e-03
7.954035885632038116e-03
8.307138457894325256e-03
8.496063761413097382e-03
8.168078027665615082e-03
8.088369853794574738e-03
7.991635240614414215e-03
8.430141955614089966e-03
7.914296351373195648e-03
8.204867132008075714e-03
8.080512285232543945e-03
8.281844668090343475e-03
7.696028798818588257e-03
7.863159291446208954e-03
8.026982657611370087e-03
7.980749011039733887e-03
