5.592533852905035019e-03
5.516355391591787338e-03
5.381107330322265625e-03
5.318190902471542358e-03
5.112162325531244278e-03
5.158055573701858521e-03
5.249288864433765411e-03
5.278468597680330276e-03
5.326827522367238998e-03
5.350210703909397125e-03
5.205792374908924103e-03
5.346519406884908676e-03
5.500960629433393478e-03
5.240152124315500259e-03
5.473778117448091507e-03
5.435824394226074219e-03
5.257043521851301193e-03
5.171544849872589111e-03
5.216348450630903244e-03
5.033218301832675934e-03
5.373901687562465668e-03
5.334902089089155197e-03
5.445306655019521713e-03
5.386171396821737289e-03
5.492792464792728424e-03
