1.144748181104660034e-02
1.124475616961717606e-02
1.150008849799633026e-02
1.140317320823669434e-02
1.141027826815843582e-02
1.174727175384759903e-02
1.166243944317102432e-02
1.158320903778076172e-02
1.140301115810871124e-02
1.190954633057117462e-02
1.170846819877624512e-02
1.078032236546278000e-02
1.127848681062459946e-02
1.143582630902528763e-02
1.145808678120374680e-02
1.123325992375612259e-02
1.113438699394464493e-02
1.131311058998107910e-02
1.149485260248184204e-02
1.187444757670164108e-02
1.145937852561473846e-02
1.138288248330354691e-02
1.155595015734434128e-02
1.113887317478656769e-02
1.139641273766756058e-02
