4.580161534249782562e-03
4.401322919875383377e-03
4.217920359224081039e-03
4.327855072915554047e-03
4.200010094791650772e-03
4.297315143048763275e-03
4.304162692278623581e-03
4.227350000292062759e-03
4.070117603987455368e-03
4.210132639855146408e-03
4.276912193745374680e-03
4.203795921057462692e-03
4.153155256062746048e-03
4.347742535173892975e-03
4.293309058994054794e-03
4.191631916910409927e-03
4.323681350797414780e-03
4.283299203962087631e-03
4.393111448734998703e-03
4.080984741449356079e-03
4.323936998844146729e-03
4.275269806385040283e-03
4.345487337559461594e-03
4.281803499907255173e-03
4.399613942950963974e-03
