8.144296705722808838e-03
7.575937081128358841e-03
7.428655866533517838e-03
6.912621203809976578e-03
7.397162728011608124e-03
7.103177253156900406e-03
7.166325580328702927e-03
7.538945414125919342e-03
7.243149913847446442e-03
7.410843390971422195e-03
6.875079125165939331e-03
7.556607481092214584e-03
6.881144363433122635e-03
7.307596039026975632e-03
7.137399632483720779e-03
7.806914392858743668e-03
7.023665588349103928e-03
6.706384476274251938e-03
7.130734622478485107e-03
7.449136115610599518e-03
7.295639719814062119e-03
7.474833633750677109e-03
7.401629816740751266e-03
6.751311477273702621e-03
7.219991646707057953e-03
