1.120226271450519562e-02
1.123413443565368652e-02
1.093432307243347168e-02
1.099591422826051712e-02
1.089132390916347504e-02
1.126918382942676544e-02
1.098687015473842621e-02
1.094687823206186295e-02
1.144490111619234085e-02
1.093454565852880478e-02
1.091062556952238083e-02
1.105147507041692734e-02
1.121175754815340042e-02
1.090353820472955704e-02
1.101321633905172348e-02
1.076730806380510330e-02
1.102975104004144669e-02
1.072703301906585693e-02
1.075158547610044479e-02
1.084503997117280960e-02
1.101081725209951401e-02
1.100898347795009613e-02
1.108083967119455338e-02
1.110018603503704071e-02
1.094615738838911057e-02
