1.522495783865451813e-02
1.550615020096302032e-02
1.539590489119291306e-02
1.592031307518482208e-02
1.521596033126115799e-02
1.605727896094322205e-02
1.572716422379016876e-02
1.553740631788969040e-02
1.566444709897041321e-02
1.594678126275539398e-02
1.576797105371952057e-02
1.601979508996009827e-02
1.556778419762849808e-02
1.520151924341917038e-02
1.591560430824756622e-02
1.612191461026668549e-02
1.602195389568805695e-02
1.590717211365699768e-02
1.519561465829610825e-02
1.576170325279235840e-02
1.620440557599067688e-02
1.666168309748172760e-02
1.550249103456735611e-02
1.570330001413822174e-02
1.590473577380180359e-02
