9.359970688819885254e-03
9.223395027220249176e-03
9.476525709033012390e-03
9.203514084219932556e-03
9.428961202502250671e-03
9.161235764622688293e-03
9.764917194843292236e-03
9.377666749060153961e-03
9.337857365608215332e-03
9.401960298418998718e-03
9.294535033404827118e-03
9.179159067571163177e-03
9.383998811244964600e-03
9.478339925408363342e-03
9.435183368623256683e-03
9.073747321963310242e-03
9.422804228961467743e-03
9.261079132556915283e-03
9.565385058522224426e-03
9.261571802198886871e-03
9.517023339867591858e-03
9.275860153138637543e-03
9.351739659905433655e-03
9.407292120158672333e-03
9.536884725093841553e-03
