1.617968641221523285e-02
1.622229814529418945e-02
1.526380609720945358e-02
1.450908649712800980e-02
1.444277912378311157e-02
1.522684656083583832e-02
1.485240645706653595e-02
1.360286585986614227e-02
1.440578140318393707e-02
1.460274588316679001e-02
1.476890780031681061e-02
1.508719753473997116e-02
1.478316355496644974e-02
1.432635355740785599e-02
1.493063103407621384e-02
1.474187429994344711e-02
1.437613181769847870e-02
1.443094573915004730e-02
1.496863272041082382e-02
1.483535580337047577e-02
1.468084938824176788e-02
1.488717924803495407e-02
1.488442253321409225e-02
1.454421039670705795e-02
1.492229849100112915e-02
