6.400074344128370285e-03
6.611247081309556961e-03
6.505351979285478592e-03
6.567485164850950241e-03
6.567370612174272537e-03
6.612014491111040115e-03
6.324542220681905746e-03
6.399101577699184418e-03
6.285548210144042969e-03
6.659093778580427170e-03
7.159837521612644196e-03
6.579379085451364517e-03
6.321412045508623123e-03
6.479273550212383270e-03
6.589411757886409760e-03
6.602746434509754181e-03
6.294880528002977371e-03
6.766614969819784164e-03
6.309885531663894653e-03
6.626342888921499252e-03
6.290725897997617722e-03
6.242963951081037521e-03
6.150654051452875137e-03
6.492318119853734970e-03
6.681504659354686737e-03
