8.263453841209411621e-03
7.862949743866920471e-03
7.911882363259792328e-03
8.221157826483249664e-03
7.876914925873279572e-03
8.109976537525653839e-03
8.145685307681560516e-03
8.209018036723136902e-03
8.098036050796508789e-03
8.131846785545349121e-03
8.202880620956420898e-03
8.160074241459369659e-03
8.056789636611938477e-03
8.185225538909435272e-03
8.019773289561271667e-03
8.054104633629322052e-03
7.845052517950534821e-03
7.861549966037273407e-03
7.654984947293996811e-03
7.805095519870519638e-03
8.168543688952922821e-03
7.930732332170009613e-03
7.761583197861909866e-03
7.899914868175983429e-03
8.250588551163673401e-03
