1.143835019320249557e-02
1.074016280472278595e-02
1.112048234790563583e-02
1.071499753743410110e-02
1.075681578367948532e-02
1.089845690876245499e-02
1.091960538178682327e-02
1.074728090316057205e-02
1.046381890773773193e-02
1.131775509566068649e-02
1.071220636367797852e-02
1.080514304339885712e-02
1.117908954620361328e-02
1.062067039310932159e-02
1.069094147533178329e-02
1.109885983169078827e-02
1.104245055466890335e-02
1.099361013621091843e-02
1.088325772434473038e-02
1.074410136789083481e-02
1.103143207728862762e-02
1.073821540921926498e-02
1.050327531993389130e-02
1.069052051752805710e-02
1.134796161204576492e-02
