6.484188139438629150e-03
6.634030956774950027e-03
6.128150504082441330e-03
1.597797311842441559e-02
6.285621784627437592e-03
6.969660520553588867e-03
6.018411833792924881e-03
6.452459841966629028e-03
5.978204309940338135e-03
6.146296393126249313e-03
5.754129029810428619e-03
5.994182545691728592e-03
6.305786315351724625e-03
6.235434673726558685e-03
5.857652984559535980e-03
6.173733156174421310e-03
5.871309898793697357e-03
6.309456191956996918e-03
6.022445857524871826e-03
6.578479427844285965e-03
5.881040357053279877e-03
6.573167629539966583e-03
5.939972121268510818e-03
6.317771039903163910e-03
6.274550221860408783e-03
