9.827649220824241638e-03
9.729412384331226349e-03
9.911918081343173981e-03
9.915848262608051300e-03
9.691416285932064056e-03
9.767142124474048615e-03
9.967476129531860352e-03
9.848935529589653015e-03
9.333987720310688019e-03
9.555706754326820374e-03
9.793379344046115875e-03
9.796751663088798523e-03
9.686125442385673523e-03
9.769952856004238129e-03
9.029694832861423492e-03
9.778776206076145172e-03
9.918873198330402374e-03
9.821040555834770203e-03
9.712518192827701569e-03
9.930590167641639709e-03
9.952184744179248810e-03
9.542344138026237488e-03
9.530895389616489410e-03
9.839951992034912109e-03
9.380878880620002747e-03
