1.063921209424734116e-02
1.147980056703090668e-02
1.088871527463197708e-02
1.138525549322366714e-02
1.116189267486333847e-02
1.095057558268308640e-02
1.079428195953369141e-02
1.060712523758411407e-02
1.083247270435094833e-02
1.087981276214122772e-02
1.112701836973428726e-02
1.078180130571126938e-02
1.066876761615276337e-02
1.117266528308391571e-02
1.105456799268722534e-02
1.092987600713968277e-02
1.135661918669939041e-02
1.064435113221406937e-02
1.126937102526426315e-02
1.073870528489351273e-02
1.132062356919050217e-02
1.140461582690477371e-02
1.094747334718704224e-02
1.140212547034025192e-02
1.061432063579559326e-02
