1.204007863998413086e-02
1.261522900313138962e-02
1.298143994063138962e-02
1.322397496551275253e-02
1.326815970242023468e-02
1.390791404992341995e-02
1.172250974923372269e-02
1.328996289521455765e-02
1.292712800204753876e-02
1.258097495883703232e-02
1.335879694670438766e-02
1.316237729042768478e-02
1.366368960589170456e-02
1.334627810865640640e-02
1.294960547238588333e-02
1.312753092497587204e-02
1.246743742376565933e-02
1.392429228872060776e-02
1.312011666595935822e-02
1.283202227205038071e-02
1.293815206736326218e-02
1.160938199609518051e-02
1.259578112512826920e-02
1.291013043373823166e-02
1.324800495058298111e-02
