1.314634922891855240e-02
1.320239435881376266e-02
1.315711624920368195e-02
1.311507821083068848e-02
1.324559282511472702e-02
1.249966491013765335e-02
1.316956430673599243e-02
1.358342356979846954e-02
1.337977591902017593e-02
1.322350092232227325e-02
1.318978052586317062e-02
1.280906144529581070e-02
1.289047114551067352e-02
1.312673091888427734e-02
1.307811867445707321e-02
1.305653993040323257e-02
1.275965385138988495e-02
1.308063883334398270e-02
1.305545214563608170e-02
1.309734582901000977e-02
1.313822809606790543e-02
1.331500243395566940e-02
1.306995935738086700e-02
1.312095951288938522e-02
1.338717807084321976e-02
