6.169438827782869339e-03
6.118261255323886871e-03
6.394467316567897797e-03
6.155057810246944427e-03
5.788631271570920944e-03
5.706089548766613007e-03
5.939977709203958511e-03
5.997045896947383881e-03
5.890522617846727371e-03
6.287266500294208527e-03
6.065744441002607346e-03
5.782220046967267990e-03
5.835063755512237549e-03
6.065563298761844635e-03
5.837368313223123550e-03
6.224126555025577545e-03
6.355497986078262329e-03
6.089271046221256256e-03
6.605874747037887573e-03
5.993992555886507034e-03
5.971331615000963211e-03
5.746840499341487885e-03
5.698475521057844162e-03
6.220334209501743317e-03
5.795665085315704346e-03
