6.606766022741794586e-03
6.636463571339845657e-03
6.197619717568159103e-03
6.680964026600122452e-03
6.296765524893999100e-03
6.498475093394517899e-03
6.393554620444774628e-03
6.426914595067501068e-03
6.633860524743795395e-03
6.647350732237100601e-03
6.669002585113048553e-03
6.442339159548282623e-03
6.643896456807851791e-03
6.648105103522539139e-03
6.591651588678359985e-03
6.473597139120101929e-03
6.465404760092496872e-03
6.543755065649747849e-03
6.630937103182077408e-03
6.453188601881265640e-03
6.445789244025945663e-03
6.411876063793897629e-03
6.587751675397157669e-03
6.571147125214338303e-03
6.335244514048099518e-03
