1.375379320234060287e-02
1.404591836035251617e-02
1.346244942396879196e-02
1.178554166108369827e-02
1.287430804222822189e-02
1.309207361191511154e-02
1.358257420361042023e-02
1.227140147238969803e-02
1.302799582481384277e-02
1.299139019101858139e-02
1.315191201865673065e-02
1.326203532516956329e-02
1.297656353563070297e-02
1.251264195889234543e-02
1.268639694899320602e-02
1.328589115291833878e-02
1.341293845325708389e-02
1.351588871330022812e-02
1.337735354900360107e-02
1.362881809473037720e-02
1.263966504484415054e-02
1.220619678497314453e-02
1.211460027843713760e-02
1.207968592643737793e-02
1.282602548599243164e-02
