5.535548087209463120e-03
5.307548679411411285e-03
5.472764372825622559e-03
5.388021469116210938e-03
5.323368590325117111e-03
5.374590400606393814e-03
5.332100205123424530e-03
5.034099798649549484e-03
5.387495737522840500e-03
5.357742309570312500e-03
5.364667158573865891e-03
5.094848573207855225e-03
5.199952982366085052e-03
5.223334301263093948e-03
5.277250427752733231e-03
5.393648054450750351e-03
5.302006844431161880e-03
5.353080574423074722e-03
5.017139948904514313e-03
5.286279600113630295e-03
5.123898852616548538e-03
5.253252107650041580e-03
5.197218619287014008e-03
5.171850789338350296e-03
4.926421679556369781e-03
