1.150764524936676025e-02
1.038610003888607025e-02
1.066689193248748779e-02
1.023997366428375244e-02
1.029192842543125153e-02
1.067958492785692215e-02
9.549100883305072784e-03
1.069408189505338669e-02
9.895918890833854675e-03
1.009153760969638824e-02
1.050711702555418015e-02
1.093573961406946182e-02
1.036141905933618546e-02
9.347522631287574768e-03
1.048475410789251328e-02
1.010785717517137527e-02
9.837416000664234161e-03
9.507106617093086243e-03
1.039537973701953888e-02
9.360117837786674500e-03
1.069726049900054932e-02
9.708407334983348846e-03
1.065744925290346146e-02
1.007197983562946320e-02
9.223116561770439148e-03
