8.215529844164848328e-03
8.603434078395366669e-03
8.759728632867336273e-03
8.611354045569896698e-03
8.847510442137718201e-03
8.815610781311988831e-03
9.014493785798549652e-03
8.435686118900775909e-03
8.150422014296054840e-03
8.452546782791614532e-03
8.501187898218631744e-03
8.373954333364963531e-03
8.643766865134239197e-03
8.095720782876014709e-03
8.534763939678668976e-03
9.093680419027805328e-03
8.938148617744445801e-03
8.684219792485237122e-03
8.649297989904880524e-03
8.359850384294986725e-03
8.907960727810859680e-03
8.781165815889835358e-03
8.688529022037982941e-03
8.943640626966953278e-03
8.659785613417625427e-03
