2.025883831083774567e-02
2.027373015880584717e-02
2.050159312784671783e-02
1.984292641282081604e-02
1.966429688036441803e-02
1.977307908236980438e-02
1.998556032776832581e-02
1.981261372566223145e-02
1.974930055439472198e-02
1.987021043896675110e-02
1.975038647651672363e-02
1.997800543904304504e-02
1.969545707106590271e-02
1.998180709779262543e-02
1.928761228919029236e-02
1.972877979278564453e-02
1.959228888154029846e-02
1.973658800125122070e-02
2.012011408805847168e-02
1.982248388230800629e-02
1.988594233989715576e-02
2.013387344777584076e-02
1.996151544153690338e-02
2.020700834691524506e-02
1.962839066982269287e-02
