1.220975071191787720e-02
1.155019458383321762e-02
1.192726194858551025e-02
1.197527535259723663e-02
1.180455088615417480e-02
1.203326229006052017e-02
1.172552816569805145e-02
1.209792681038379669e-02
1.179173402488231659e-02
1.184593141078948975e-02
1.177921239286661148e-02
1.209547650068998337e-02
1.167783606797456741e-02
1.196436583995819092e-02
1.205896865576505661e-02
1.192193571478128433e-02
1.177505403757095337e-02
1.185211446136236191e-02
1.230900641530752182e-02
1.202800869941711426e-02
1.163651887327432632e-02
1.211540587246417999e-02
1.197591144591569901e-02
1.215650606900453568e-02
1.166578661650419235e-02
