1.291285920888185501e-02
1.216521672904491425e-02
1.167182810604572296e-02
1.199428271502256393e-02
1.106973085552453995e-02
1.171394530683755875e-02
1.097240019589662552e-02
1.157860271632671356e-02
1.124008651822805405e-02
1.139279920607805252e-02
1.137015037238597870e-02
1.114987023174762726e-02
1.086634583771228790e-02
1.087589748203754425e-02
1.148596871644258499e-02
1.089047081768512726e-02
1.103587914258241653e-02
1.075211912393569946e-02
1.061967480927705765e-02
1.092661079019308090e-02
1.106579601764678955e-02
1.044937036931514740e-02
1.104999240487813950e-02
1.110011339187622070e-02
1.051596552133560181e-02
