7.637885399162769318e-03
7.805789820849895477e-03
7.995792664587497711e-03
7.761960383504629135e-03
7.340099196881055832e-03
7.707006298005580902e-03
7.776292972266674042e-03
7.824016734957695007e-03
7.367908954620361328e-03
7.492360193282365799e-03
7.717512547969818115e-03
7.807198911905288696e-03
7.730166427791118622e-03
7.730314973741769791e-03
7.862803526222705841e-03
7.700560148805379868e-03
7.442037574946880341e-03
7.725510280579328537e-03
7.477635983377695084e-03
7.678352762013673782e-03
7.707063574343919754e-03
7.893973961472511292e-03
7.929009385406970978e-03
7.674552500247955322e-03
7.312306202948093414e-03
