7.805166300386190414e-03
7.216047961264848709e-03
7.152144331485033035e-03
7.017361931502819061e-03
7.762547116726636887e-03
7.429085671901702881e-03
7.506884634494781494e-03
7.258521858602762222e-03
6.755613721907138824e-03
7.106194738298654556e-03
7.036198396235704422e-03
7.197063416242599487e-03
7.419586647301912308e-03
7.517541758716106415e-03
7.248132955282926559e-03
7.172728423029184341e-03
7.898264564573764801e-03
7.064363453537225723e-03
7.066986989229917526e-03
7.461520377546548843e-03
6.940459366887807846e-03
7.006333675235509872e-03
7.322846911847591400e-03
7.464908063411712646e-03
7.590070366859436035e-03
