9.877420961856842041e-03
7.749853190034627914e-03
7.584690116345882416e-03
7.573164999485015869e-03
7.755870930850505829e-03
7.700522895902395248e-03
7.493556011468172073e-03
7.430723868310451508e-03
7.170412223786115646e-03
7.496056146919727325e-03
7.477260194718837738e-03
7.346945349127054214e-03
7.476785685867071152e-03
7.400349713861942291e-03
7.385744713246822357e-03
7.540909107774496078e-03
7.118282373994588852e-03
7.328578270971775055e-03
7.433026563376188278e-03
7.420313078910112381e-03
7.300014141947031021e-03
7.461789529770612717e-03
7.616061717271804810e-03
7.504259236156940460e-03
7.726472802460193634e-03
