1.154459826648235321e-02
1.089518610388040543e-02
1.052366849035024643e-02
1.026693824678659439e-02
1.007497403770685196e-02
1.070801354944705963e-02
1.053622551262378693e-02
1.041786186397075653e-02
1.004687044769525528e-02
1.014187280088663101e-02
1.079902052879333496e-02
1.055836863815784454e-02
1.040944270789623260e-02
1.010081265121698380e-02
1.028932724148035049e-02
1.012176275253295898e-02
1.024684030562639236e-02
1.001173723489046097e-02
1.032357383519411087e-02
1.032574474811553955e-02
1.029852032661437988e-02
1.056525018066167831e-02
1.070384401828050613e-02
1.048418227583169937e-02
1.010784041136503220e-02
