1.212370581924915314e-02
1.213771570473909378e-02
1.164490636438131332e-02
1.116581726819276810e-02
1.142350118607282639e-02
1.158507633954286575e-02
1.101451553404331207e-02
1.131022628396749496e-02
1.131469290703535080e-02
1.142193656414747238e-02
1.116783358156681061e-02
1.145479548722505569e-02
1.133974920958280563e-02
1.122928876429796219e-02
1.137732621282339096e-02
1.165273692458868027e-02
1.053044013679027557e-02
1.147541217505931854e-02
1.149914320558309555e-02
1.112971361726522446e-02
1.173578668385744095e-02
1.148595381528139114e-02
1.163907628506422043e-02
1.136302947998046875e-02
1.059765461832284927e-02
