1.575550064444541931e-02
1.498837582767009735e-02
1.462651137262582779e-02
1.438947860151529312e-02
1.406938489526510239e-02
1.453664805740118027e-02
1.391639281064271927e-02
1.462152600288391113e-02
1.418782491236925125e-02
1.416106056421995163e-02
1.432854961603879929e-02
1.407930254936218262e-02
1.457257755100727081e-02
1.435568835586309433e-02
1.386465597897768021e-02
1.433384511619806290e-02
1.403422653675079346e-02
1.429517474025487900e-02
1.395872235298156738e-02
1.450488995760679245e-02
1.405435614287853241e-02
1.419770158827304840e-02
1.429142057895660400e-02
1.415621023625135422e-02
1.424500066787004471e-02
