5.905053112655878067e-03
5.368073936551809311e-03
5.486990790814161301e-03
5.307848565280437469e-03
5.456252954900264740e-03
5.250858608633279800e-03
5.667255260050296783e-03
5.514389835298061371e-03
5.227439105510711670e-03
5.427993834018707275e-03
5.508061032742261887e-03
5.447398405522108078e-03
5.492717958986759186e-03
5.447405390441417694e-03
5.434075836092233658e-03
5.425081588327884674e-03
5.553701426833868027e-03
5.539142992347478867e-03
5.572557449340820312e-03
5.595478229224681854e-03
5.418445449322462082e-03
5.353809334337711334e-03
5.425705574452877045e-03
5.544033367186784744e-03
5.300607532262802124e-03
