9.194350801408290863e-03
8.859356865286827087e-03
8.918417617678642273e-03
9.008855558931827545e-03
8.885467424988746643e-03
8.881893940269947052e-03
8.609721437096595764e-03
8.930525742471218109e-03
8.595066145062446594e-03
8.694835007190704346e-03
9.376105852425098419e-03
9.015227667987346649e-03
8.830121718347072601e-03
8.875006809830665588e-03
9.076161310076713562e-03
8.842710405588150024e-03
8.824734948575496674e-03
9.139592759311199188e-03
9.135378524661064148e-03
8.852283470332622528e-03
8.611465804278850555e-03
8.967989124357700348e-03
8.951142430305480957e-03
8.936984464526176453e-03
9.195834398269653320e-03
