1.313201896846294403e-02
1.292049884796142578e-02
1.256374828517436981e-02
1.210755016654729843e-02
1.221579499542713165e-02
1.225003134459257126e-02
1.207713782787322998e-02
1.230124104768037796e-02
1.244325190782546997e-02
1.215042825788259506e-02
1.245494373142719269e-02
1.208685338497161865e-02
1.210375037044286728e-02
1.215732377022504807e-02
1.229297462850809097e-02
1.230438891798257828e-02
1.220500376075506210e-02
1.190306898206472397e-02
1.224972121417522430e-02
1.256867777556180954e-02
1.215618662536144257e-02
1.180541515350341797e-02
1.197268720716238022e-02
1.208010967820882797e-02
1.210684981197118759e-02
