8.308756165206432343e-03
8.433074690401554108e-03
8.000049740076065063e-03
7.358103990554809570e-03
7.163422647863626480e-03
7.437945343554019928e-03
7.038211915642023087e-03
7.763854227960109711e-03
8.618942461907863617e-03
7.289245259016752243e-03
8.138409815728664398e-03
8.259464986622333527e-03
7.409915793687105179e-03
7.008295971900224686e-03
7.114913780242204666e-03
7.750690914690494537e-03
7.442428730428218842e-03
7.300084922462701797e-03
8.988422341644763947e-03
7.359310053288936615e-03
6.792379077523946762e-03
7.302085403352975845e-03
7.304412778466939926e-03
7.471811957657337189e-03
6.627154070883989334e-03
