1.009759027510881424e-02
9.889056906104087830e-03
9.561707265675067902e-03
1.089595444500446320e-02
9.991524741053581238e-03
9.979521855711936951e-03
9.900035336613655090e-03
9.878789074718952179e-03
9.771558456122875214e-03
9.581992402672767639e-03
1.066754572093486786e-02
9.465701878070831299e-03
9.390870109200477600e-03
9.491364471614360809e-03
1.002712361514568329e-02
9.552638046443462372e-03
9.100792929530143738e-03
9.249346330761909485e-03
9.591155685484409332e-03
9.377151727676391602e-03
9.101609699428081512e-03
9.032676927745342255e-03
9.729390963912010193e-03
1.001455634832382202e-02
9.283996187150478363e-03
