1.168896909803152084e-02
1.184155885130167007e-02
1.146386098116636276e-02
1.168939284980297089e-02
1.175551768392324448e-02
1.158687286078929901e-02
1.138292439281940460e-02
1.160220988094806671e-02
1.193137746304273605e-02
1.138733979314565659e-02
1.143275666981935501e-02
1.161990221589803696e-02
1.154336333274841309e-02
1.156788505613803864e-02
1.163714472204446793e-02
1.176320016384124756e-02
1.173175219446420670e-02
1.123428996652364731e-02
1.181164570152759552e-02
1.171007473021745682e-02
1.159607060253620148e-02
1.178172230720520020e-02
1.162281632423400879e-02
1.175192929804325104e-02
1.141493674367666245e-02
