2.281243167817592621e-02
2.120742388069629669e-02
2.005229331552982330e-02
2.036421000957489014e-02
1.939837820827960968e-02
1.919194497168064117e-02
1.892626658082008362e-02
1.933073438704013824e-02
1.823914982378482819e-02
2.008276619017124176e-02
2.027362026274204254e-02
1.930975541472434998e-02
1.896642334759235382e-02
1.938252709805965424e-02
2.045903541147708893e-02
1.973872072994709015e-02
1.925389282405376434e-02
1.881453767418861389e-02
1.899255625903606415e-02
1.984404027462005615e-02
2.028925158083438873e-02
1.962180249392986298e-02
1.853556931018829346e-02
1.952370628714561462e-02
1.920086517930030823e-02
