1.400019321590662003e-02
1.378940511494874954e-02
1.358152274042367935e-02
1.369068957865238190e-02
1.367633603513240814e-02
1.346597727388143539e-02
1.359607372432947159e-02
1.415192801505327225e-02
1.391652226448059082e-02
1.360351685434579849e-02
1.317241787910461426e-02
1.377111487090587616e-02
1.364175789058208466e-02
1.344556827098131180e-02
1.392151974141597748e-02
1.392745133489370346e-02
1.361863594502210617e-02
1.378102786839008331e-02
1.396789960563182831e-02
1.353675872087478638e-02
1.359720341861248016e-02
1.348398439586162567e-02
1.370178628712892532e-02
1.363063883036375046e-02
1.358712278306484222e-02
