1.290004979819059372e-02
1.319492049515247345e-02
1.278665848076343536e-02
1.286784280091524124e-02
1.258376240730285645e-02
1.328483223915100098e-02
1.290965732187032700e-02
1.285795960575342178e-02
1.318360399454832077e-02
1.271728333085775375e-02
1.291665341705083847e-02
1.325101405382156372e-02
1.339477300643920898e-02
1.259386073797941208e-02
1.299983263015747070e-02
1.332590822130441666e-02
1.313384901732206345e-02
1.312449667602777481e-02
1.310681086033582687e-02
1.343203987926244736e-02
1.277766097337007523e-02
1.326857041567564011e-02
1.336915604770183563e-02
1.297042798250913620e-02
1.344568561762571335e-02
