9.631105698645114899e-03
8.782756514847278595e-03
8.620304986834526062e-03
9.028807282447814941e-03
8.095724508166313171e-03
8.711232803761959076e-03
8.229318074882030487e-03
8.711778558790683746e-03
9.285280480980873108e-03
9.160437621176242828e-03
8.351502008736133575e-03
8.723105303943157196e-03
8.586943149566650391e-03
8.427266962826251984e-03
8.518256247043609619e-03
8.243976160883903503e-03
8.859613910317420959e-03
8.553544059395790100e-03
9.471976198256015778e-03
8.517572656273841858e-03
8.646002039313316345e-03
8.600758388638496399e-03
9.088465012609958649e-03
8.562500588595867157e-03
9.319977834820747375e-03
