8.993732742965221405e-03
8.518640883266925812e-03
8.792919106781482697e-03
8.384012617170810699e-03
8.256918750703334808e-03
8.371064439415931702e-03
8.442261256277561188e-03
8.477136492729187012e-03
8.562559261918067932e-03
8.596564643085002899e-03
8.246508426964282990e-03
8.467921987175941467e-03
8.613637648522853851e-03
8.574018254876136780e-03
8.607463911175727844e-03
8.488343097269535065e-03
8.125153370201587677e-03
8.760388009250164032e-03
8.491949178278446198e-03
8.560402318835258484e-03
8.584382012486457825e-03
8.504576049745082855e-03
8.653603494167327881e-03
8.600801229476928711e-03
8.598559536039829254e-03
