5.010172724723815918e-03
4.820815287530422211e-03
4.629868548363447189e-03
4.822072107344865799e-03
4.598286934196949005e-03
4.637880716472864151e-03
4.453029483556747437e-03
4.441827535629272461e-03
4.572883713990449905e-03
4.876557271927595139e-03
4.753631073981523514e-03
4.737436771392822266e-03
4.805873613804578781e-03
4.668942652642726898e-03
4.547103308141231537e-03
4.423282109200954437e-03
4.574580583721399307e-03
4.787259735167026520e-03
4.828453063964843750e-03
4.539947956800460815e-03
4.432300571352243423e-03
4.765420686453580856e-03
4.583377856761217117e-03
4.686189349740743637e-03
4.720885772258043289e-03
