5.494429729878902435e-03
5.221595522016286850e-03
5.260494071990251541e-03
5.157771520316600800e-03
5.137722473591566086e-03
5.227797199040651321e-03
5.206203553825616837e-03
5.305739585310220718e-03
5.438595078885555267e-03
5.349848885089159012e-03
5.253215786069631577e-03
5.301558412611484528e-03
5.126744508743286133e-03
5.470975302159786224e-03
5.252662580460309982e-03
5.297447554767131805e-03
5.071409512311220169e-03
5.076900124549865723e-03
5.342837888747453690e-03
5.205975379794836044e-03
5.235672928392887115e-03
5.173565354198217392e-03
5.227563437074422836e-03
5.115997511893510818e-03
5.182113032788038254e-03
