1.612589135766029358e-02
1.573166623711585999e-02
1.617283187806606293e-02
1.623302325606346130e-02
1.605829410254955292e-02
1.651955023407936096e-02
1.613024435937404633e-02
1.572404243052005768e-02
1.584420725703239441e-02
1.618379540741443634e-02
1.625515706837177277e-02
1.569840684533119202e-02
1.634571515023708344e-02
1.673256792128086090e-02
1.647021435201168060e-02
1.605238579213619232e-02
1.650744490325450897e-02
1.634212397038936615e-02
1.581941172480583191e-02
1.639281772077083588e-02
1.624087058007717133e-02
1.632081530988216400e-02
1.591634377837181091e-02
1.574546284973621368e-02
1.596659608185291290e-02
