1.093466486781835556e-02
1.040076557546854019e-02
1.068933494389057159e-02
1.099263224750757217e-02
1.093084458261728287e-02
1.050039660185575485e-02
1.056613028049468994e-02
1.028763409703969955e-02
1.061426289379596710e-02
1.083865761756896973e-02
1.064702868461608887e-02
1.065050624310970306e-02
1.053234748542308807e-02
1.065557263791561127e-02
1.068399939686059952e-02
1.053741481155157089e-02
1.090128254145383835e-02
1.050820294767618179e-02
1.010134909301996231e-02
1.045916508883237839e-02
1.033340580761432648e-02
1.074362825602293015e-02
1.038497034460306168e-02
1.035452540963888168e-02
1.044112257659435272e-02
