7.968557998538017273e-03
7.790241856127977371e-03
7.937173359096050262e-03
7.824773900210857391e-03
7.874130271375179291e-03
7.894075475633144379e-03
8.045908994972705841e-03
7.870499044656753540e-03
7.876738905906677246e-03
7.790417410433292389e-03
7.770992349833250046e-03
7.783152163028717041e-03
7.790270727127790451e-03
7.982441224157810211e-03
7.671533618122339249e-03
7.780204992741346359e-03
7.808034773916006088e-03
7.992410100996494293e-03
7.816211320459842682e-03
7.822729647159576416e-03
7.708315271884202957e-03
7.805145345628261566e-03
7.795458193868398666e-03
7.666614837944507599e-03
8.070441894233226776e-03
