8.691987022757530212e-03
8.518368005752563477e-03
9.749445132911205292e-03
1.019155513495206833e-02
8.778186514973640442e-03
9.138464927673339844e-03
8.925488218665122986e-03
9.595809504389762878e-03
9.676994755864143372e-03
9.020732715725898743e-03
9.131909348070621490e-03
9.139339439570903778e-03
9.753903374075889587e-03
9.279211983084678650e-03
9.824043139815330505e-03
9.393946267664432526e-03
9.319399483501911163e-03
8.991448208689689636e-03
9.777258150279521942e-03
8.506710641086101532e-03
9.764161892235279083e-03
1.004698779433965683e-02
1.022172067314386368e-02
9.181978181004524231e-03
8.748766966164112091e-03
