1.167024206370115280e-02
1.159802079200744629e-02
1.137827429920434952e-02
1.166705135256052017e-02
1.141425501555204391e-02
1.137835439294576645e-02
1.136622484773397446e-02
1.169717963784933090e-02
1.148044038563966751e-02
1.156492345035076141e-02
1.144190970808267593e-02
1.173125859349966049e-02
1.221592724323272705e-02
1.153398863971233368e-02
1.124758832156658173e-02
1.142011489719152451e-02
1.163517404347658157e-02
1.105573866516351700e-02
1.190248597413301468e-02
1.109272893518209457e-02
1.147555839270353317e-02
1.141742896288633347e-02
1.135898288339376450e-02
1.126325316727161407e-02
1.132984925061464310e-02
