2.363591082394123077e-02
2.385879494249820709e-02
2.234213054180145264e-02
2.462059631943702698e-02
2.349967882037162781e-02
2.390675060451030731e-02
2.275111153721809387e-02
2.384797669947147369e-02
2.308544144034385681e-02
2.343796752393245697e-02
2.434452250599861145e-02
2.264122106134891510e-02
2.273118495941162109e-02
2.329548634588718414e-02
2.385515347123146057e-02
2.364812418818473816e-02
2.393058873713016510e-02
2.244030125439167023e-02
2.359229885041713715e-02
2.462489716708660126e-02
2.334111556410789490e-02
2.418429963290691376e-02
2.384576387703418732e-02
2.371307089924812317e-02
2.397530339658260345e-02
