1.625973172485828400e-02
1.487898360937833786e-02
1.577678136527538300e-02
1.472944021224975586e-02
1.396829914301633835e-02
1.493292767554521561e-02
2.185270562767982483e-02
1.637854613363742828e-02
1.346598099917173386e-02
1.450068783015012741e-02
1.690595038235187531e-02
1.416854653507471085e-02
1.334124617278575897e-02
1.420737802982330322e-02
1.294907089322805405e-02
1.547328941524028778e-02
1.357730291783809662e-02
1.494002621620893478e-02
1.519228518009185791e-02
1.423787325620651245e-02
1.418702490627765656e-02
1.424272917211055756e-02
1.519904378801584244e-02
1.555417384952306747e-02
1.354691106826066971e-02
