9.636755101382732391e-03
8.555947802960872650e-03
8.743603713810443878e-03
8.517249487340450287e-03
8.573778904974460602e-03
8.505441248416900635e-03
8.534708060324192047e-03
8.610569871962070465e-03
8.737727999687194824e-03
8.442851714789867401e-03
8.546919561922550201e-03
8.308338932693004608e-03
8.336991071701049805e-03
8.684825152158737183e-03
8.370756171643733978e-03
8.164277300238609314e-03
8.180057629942893982e-03
8.410179056227207184e-03
8.180883713066577911e-03
8.452648296952247620e-03
8.537120185792446136e-03
8.450688794255256653e-03
8.319063112139701843e-03
8.213640190660953522e-03
8.287251926958560944e-03
