1.240356732159852982e-02
1.115394104272127151e-02
1.169058494269847870e-02
1.197568885982036591e-02
1.051977369934320450e-02
1.201485749334096909e-02
1.141732744872570038e-02
1.129672117531299591e-02
1.185415498912334442e-02
1.181330345571041107e-02
1.137979887425899506e-02
1.211966760456562042e-02
1.154264621436595917e-02
1.090160477906465530e-02
1.225100178271532059e-02
1.122276764363050461e-02
1.205050479620695114e-02
1.082633994519710541e-02
1.089868228882551193e-02
1.117546297609806061e-02
1.175912469625473022e-02
1.143193058669567108e-02
1.125159021466970444e-02
1.169264130294322968e-02
1.213792245835065842e-02
