1.082076132297515869e-02
1.066044252365827560e-02
1.086164917796850204e-02
1.042475830763578415e-02
1.025331672281026840e-02
9.872421622276306152e-03
9.991737082600593567e-03
1.012606360018253326e-02
1.018414366990327835e-02
1.093704160302877426e-02
1.034322567284107208e-02
1.022144965827465057e-02
9.692392311990261078e-03
1.021335180848836899e-02
1.029708143323659897e-02
1.000421307981014252e-02
1.044972520321607590e-02
1.060960441827774048e-02
1.009727083146572113e-02
1.075261179357767105e-02
1.067338883876800537e-02
9.816171601414680481e-03
1.031689159572124481e-02
1.040182821452617645e-02
1.050124503672122955e-02
