1.049761474132537842e-02
9.734479710459709167e-03
9.549207054078578949e-03
9.109677746891975403e-03
9.300670586526393890e-03
9.101612493395805359e-03
9.351412765681743622e-03
8.924680761992931366e-03
9.384593926370143890e-03
9.631295688450336456e-03
9.221769869327545166e-03
8.951017633080482483e-03
9.059640578925609589e-03
9.187019430100917816e-03
9.230281226336956024e-03
9.265326894819736481e-03
9.272383525967597961e-03
9.354994632303714752e-03
8.501111529767513275e-03
9.299752302467823029e-03
9.494436904788017273e-03
8.916008286178112030e-03
8.984269574284553528e-03
9.145672433078289032e-03
9.057588875293731689e-03
