1.095180865377187729e-02
1.041726209223270416e-02
1.093332748860120773e-02
1.060839276760816574e-02
1.008292566984891891e-02
1.051343139261007309e-02
1.018576323986053467e-02
1.034686155617237091e-02
1.016591303050518036e-02
1.042338740080595016e-02
1.018080022186040878e-02
1.086994167417287827e-02
1.075288094580173492e-02
1.075707189738750458e-02
1.029403973370790482e-02
1.038360316306352615e-02
1.030858792364597321e-02
1.070275064557790756e-02
1.036006212234497070e-02
1.019665319472551346e-02
1.044544670730829239e-02
1.014234591275453568e-02
1.108188647776842117e-02
1.095482055097818375e-02
1.036564167588949203e-02
