7.667265366762876511e-03
7.937959395349025726e-03
7.531268056482076645e-03
7.682581897825002670e-03
7.883080281317234039e-03
8.203429169952869415e-03
8.218973875045776367e-03
7.483549416065216064e-03
7.532727904617786407e-03
8.065447211265563965e-03
7.930278778076171875e-03
7.666788995265960693e-03
7.922076620161533356e-03
8.176973089575767517e-03
7.960249669849872589e-03
7.930348627269268036e-03
7.530080620199441910e-03
7.421125192195177078e-03
7.786955218762159348e-03
7.753886282444000244e-03
7.776222191751003265e-03
7.658176589757204056e-03
7.778153289109468460e-03
7.723241113126277924e-03
7.472781930118799210e-03
