1.224627904593944550e-02
1.180784869939088821e-02
1.178629510104656219e-02
1.112644933164119720e-02
1.140640024095773697e-02
1.165001280605792999e-02
1.182591263204813004e-02
1.170724164694547653e-02
1.171062700450420380e-02
1.169197075068950653e-02
1.178706157952547073e-02
1.179470121860504150e-02
1.150869112461805344e-02
1.211977005004882812e-02
1.194478478282690048e-02
1.122578978538513184e-02
1.196224242448806763e-02
1.152056362479925156e-02
1.170219946652650833e-02
1.137741189450025558e-02
1.165386755019426346e-02
1.168185938149690628e-02
1.169994939118623734e-02
1.179913338273763657e-02
1.212674658745527267e-02
