9.663707576692104340e-03
9.030969813466072083e-03
9.155532345175743103e-03
8.875900879502296448e-03
8.633309043943881989e-03
9.100755676627159119e-03
9.017764590680599213e-03
8.862994611263275146e-03
8.884536102414131165e-03
8.988328278064727783e-03
9.058750234544277191e-03
9.119004011154174805e-03
9.228186681866645813e-03
8.893204852938652039e-03
8.780701085925102234e-03
8.985995315015316010e-03
9.049397893249988556e-03
8.826450444757938385e-03
8.729980327188968658e-03
9.240929968655109406e-03
8.864536881446838379e-03
9.089264087378978729e-03
8.945231325924396515e-03
8.864484727382659912e-03
8.987001143395900726e-03
