9.367306716740131378e-03
9.781075641512870789e-03
9.360770694911479950e-03
9.391671977937221527e-03
9.321311488747596741e-03
9.044547565281391144e-03
9.125454351305961609e-03
9.126215241849422455e-03
9.565020911395549774e-03
9.473314508795738220e-03
9.637683629989624023e-03
9.301221929490566254e-03
9.341226890683174133e-03
9.582572616636753082e-03
9.451225399971008301e-03
9.092763997614383698e-03
9.245124645531177521e-03
9.342600591480731964e-03
9.134480729699134827e-03
9.165650233626365662e-03
9.259628131985664368e-03
9.871691465377807617e-03
9.283019229769706726e-03
9.230638854205608368e-03
9.298869408667087555e-03
