1.278065238147974014e-02
1.337386853992938995e-02
1.246388815343379974e-02
1.383989024907350540e-02
1.327303051948547363e-02
1.301057543605566025e-02
1.280747260898351669e-02
1.232242025434970856e-02
1.228319294750690460e-02
1.258164830505847931e-02
1.272673718631267548e-02
1.277054660022258759e-02
1.263693440705537796e-02
1.253343373537063599e-02
1.229538861662149429e-02
1.336998958140611649e-02
1.295201666653156281e-02
1.368099357932806015e-02
1.307967398315668106e-02
1.288532931357622147e-02
1.272862311452627182e-02
1.275320537388324738e-02
1.291389577090740204e-02
1.313388999551534653e-02
1.299514062702655792e-02
