5.754496436566114426e-03
5.585166160017251968e-03
5.684785544872283936e-03
5.728411953896284103e-03
5.768518429249525070e-03
5.697399843484163284e-03
5.705470684915781021e-03
5.589190870523452759e-03
5.827068351209163666e-03
5.628570448607206345e-03
5.940326023846864700e-03
5.726636387407779694e-03
5.580190569162368774e-03
5.608614068478345871e-03
5.548574961721897125e-03
5.759659688919782639e-03
5.541309714317321777e-03
5.947999656200408936e-03
5.635433830320835114e-03
5.838138051331043243e-03
5.638003814965486526e-03
5.730832461267709732e-03
5.523014813661575317e-03
5.509407259523868561e-03
5.745806731283664703e-03
