1.170120202004909515e-02
1.133355963975191116e-02
1.136058475822210312e-02
1.134237460792064667e-02
1.151132024824619293e-02
1.103173475712537766e-02
1.137786451727151871e-02
1.127482485026121140e-02
1.115235034376382828e-02
1.145256776362657547e-02
1.124540064483880997e-02
1.108661200851202011e-02
1.113148592412471771e-02
1.135604921728372574e-02
1.125835906714200974e-02
1.117902994155883789e-02
1.132347155362367630e-02
1.152129657566547394e-02
1.143470220267772675e-02
1.106214988976716995e-02
1.140966732054948807e-02
1.116208080202341080e-02
1.158206351101398468e-02
1.109798718243837357e-02
1.113730855286121368e-02
