1.467133127152919769e-02
1.472815312445163727e-02
1.499186456203460693e-02
1.495965849608182907e-02
1.429992727935314178e-02
1.372994575649499893e-02
1.382829155772924423e-02
5.729114264249801636e-02
1.443151570856571198e-02
1.493545901030302048e-02
1.385789271444082260e-02
1.481185201555490494e-02
1.523532904684543610e-02
1.506871823221445084e-02
1.348740328103303909e-02
1.417553424835205078e-02
1.418771035969257355e-02
1.432679407298564911e-02
1.462091412395238876e-02
1.439167372882366180e-02
1.363759394735097885e-02
1.396963000297546387e-02
1.359409093856811523e-02
1.431528385728597641e-02
1.379876490682363510e-02
