6.855990737676620483e-03
6.410762201994657516e-03
6.332058925181627274e-03
6.228748243302106857e-03
6.176295224577188492e-03
6.455574650317430496e-03
6.848227232694625854e-03
6.666312925517559052e-03
6.390257272869348526e-03
6.922193802893161774e-03
6.283237598836421967e-03
6.667005363851785660e-03
6.602342240512371063e-03
6.574609316885471344e-03
6.418609060347080231e-03
6.358199752867221832e-03
6.238790694624185562e-03
6.610170938074588776e-03
6.594306789338588715e-03
6.757917813956737518e-03
6.549161393195390701e-03
6.624347530305385590e-03
6.320068147033452988e-03
6.560891866683959961e-03
6.586470641195774078e-03
