5.145103670656681061e-03
5.020990967750549316e-03
4.536803811788558960e-03
4.636956844478845596e-03
4.356107208877801895e-03
4.370796494185924530e-03
4.343488719314336777e-03
4.462609067559242249e-03
4.362088628113269806e-03
4.407885018736124039e-03
4.486339632421731949e-03
4.563175141811370850e-03
4.575042519718408585e-03
4.479877650737762451e-03
4.475968889892101288e-03
4.388934932649135590e-03
4.397036973387002945e-03
4.269036930054426193e-03
4.628449212759733200e-03
4.315935540944337845e-03
4.537813831120729446e-03
4.427970852702856064e-03
4.498264286667108536e-03
4.644415341317653656e-03
4.488756414502859116e-03
