1.257901825010776520e-02
1.286335755139589310e-02
1.241782866418361664e-02
1.228585839271545410e-02
1.251858938485383987e-02
1.163066178560256958e-02
1.225051004439592361e-02
1.219648960977792740e-02
1.254380028694868088e-02
1.231420692056417465e-02
1.224240195006132126e-02
1.279442850500345230e-02
1.271347142755985260e-02
1.260320842266082764e-02
1.209648791700601578e-02
1.235685683786869049e-02
1.207193266600370407e-02
1.212995219975709915e-02
1.226426009088754654e-02
1.277681998908519745e-02
1.266995258629322052e-02
1.197341922670602798e-02
1.235462632030248642e-02
1.226878166198730469e-02
1.189895719289779663e-02
