1.140303630381822586e-02
1.113289687782526016e-02
1.131357252597808838e-02
1.272003352642059326e-02
1.159101538360118866e-02
1.122186053544282913e-02
1.108398195356130600e-02
1.097933948040008545e-02
1.121549773961305618e-02
1.129741780459880829e-02
1.162984780967235565e-02
1.148707233369350433e-02
1.070170383900403976e-02
1.144333276897668839e-02
1.164691336452960968e-02
1.072149630635976791e-02
1.234064530581235886e-02
1.083166897296905518e-02
1.145615987479686737e-02
1.120392326265573502e-02
1.083619706332683563e-02
1.101460866630077362e-02
1.237526722252368927e-02
1.157892681658267975e-02
1.144630741328001022e-02
