7.607073523104190826e-03
7.654518820345401764e-03
7.819315418601036072e-03
7.561240810900926590e-03
7.665328681468963623e-03
7.442034315317869186e-03
7.398672401905059814e-03
7.589686196297407150e-03
7.434262894093990326e-03
7.291632238775491714e-03
7.383772172033786774e-03
7.517345715314149857e-03
7.354429922997951508e-03
7.836753502488136292e-03
7.700206246227025986e-03
7.314980961382389069e-03
7.417874876409769058e-03
7.355414330959320068e-03
7.523429114371538162e-03
7.368250750005245209e-03
7.739837747067213058e-03
7.589038927108049393e-03
7.256319280713796616e-03
7.593919057399034500e-03
7.829907350242137909e-03
