9.307742118835449219e-03
9.011206217110157013e-03
8.752896450459957123e-03
8.549727499485015869e-03
8.871288038790225983e-03
9.545470587909221649e-03
8.462801575660705566e-03
9.309441782534122467e-03
8.590535260736942291e-03
8.034711703658103943e-03
8.274793624877929688e-03
8.121662773191928864e-03
9.240183047950267792e-03
9.313859976828098297e-03
8.382355794310569763e-03
9.021467529237270355e-03
9.723714552819728851e-03
9.172626771032810211e-03
9.234768338501453400e-03
8.901155553758144379e-03
9.881800971925258636e-03
8.824431337416172028e-03
8.850296959280967712e-03
8.792335167527198792e-03
8.900374174118041992e-03
