8.566549979150295258e-03
7.754452060908079147e-03
8.145780302584171295e-03
7.828183472156524658e-03
7.849131710827350616e-03
8.027010597288608551e-03
7.844300940632820129e-03
8.094131946563720703e-03
7.939902134239673615e-03
7.909266278147697449e-03
7.967132143676280975e-03
8.104195818305015564e-03
7.909729145467281342e-03
7.759219501167535782e-03
8.104064501821994781e-03
7.844250649213790894e-03
8.023986592888832092e-03
7.697713095694780350e-03
7.967783138155937195e-03
7.682692725211381912e-03
7.804698310792446136e-03
8.068817667663097382e-03
7.912720553576946259e-03
7.985437288880348206e-03
8.138678967952728271e-03
