7.095391396433115005e-03
6.958645302802324295e-03
7.062423974275588989e-03
7.137618958950042725e-03
6.794346962124109268e-03
6.725409068167209625e-03
6.642848718911409378e-03
6.879557855427265167e-03
6.847899872809648514e-03
7.144265808165073395e-03
6.901797372847795486e-03
7.162022870033979416e-03
7.115860469639301300e-03
7.025758270174264908e-03
7.168330252170562744e-03
6.916935089975595474e-03
6.835305131971836090e-03
6.828763522207736969e-03
7.154640741646289825e-03
7.004280108958482742e-03
6.788297556340694427e-03
7.043326739221811295e-03
6.884818430989980698e-03
6.886977236717939377e-03
7.066015154123306274e-03
