5.726440344005823135e-03
5.125090014189481735e-03
4.926338791847229004e-03
4.283769521862268448e-03
4.428604152053594589e-03
4.530147649347782135e-03
4.408855922520160675e-03
4.150336608290672302e-03
4.452037159353494644e-03
4.776474554091691971e-03
4.349750466644763947e-03
4.583719652146100998e-03
4.297439940273761749e-03
4.801992792636156082e-03
4.525651689618825912e-03
4.551603458821773529e-03
4.656814038753509521e-03
4.494331777095794678e-03
4.356798250228166580e-03
4.556187428534030914e-03
4.431582521647214890e-03
4.363395273685455322e-03
4.934206139296293259e-03
4.832114093005657196e-03
4.561882466077804565e-03
