1.111950445920228958e-02
1.086649112403392792e-02
1.103616319596767426e-02
1.084779109805822372e-02
1.062635518610477448e-02
1.020310726016759872e-02
1.047824602574110031e-02
1.057003624737262726e-02
1.101780403405427933e-02
1.104330457746982574e-02
9.998768568038940430e-03
1.092753838747739792e-02
1.061613764613866806e-02
1.055335532873868942e-02
1.079800259321928024e-02
1.054545212537050247e-02
1.055473089218139648e-02
1.058292575180530548e-02
1.049028988927602768e-02
1.091633643954992294e-02
1.026747468858957291e-02
1.047504786401987076e-02
1.020509842783212662e-02
1.092367712408304214e-02
9.949723258614540100e-03
