9.890518151223659515e-03
1.057427655905485153e-02
1.090512983500957489e-02
1.064461749047040939e-02
1.075604651123285294e-02
1.061564870178699493e-02
1.010555960237979889e-02
1.057060528546571732e-02
1.019214093685150146e-02
1.037730928510427475e-02
1.037670671939849854e-02
1.082278974354267120e-02
9.887910448014736176e-03
1.048634387552738190e-02
1.039728615432977676e-02
1.030984800308942795e-02
1.092544849961996078e-02
1.047499664127826691e-02
1.054763514548540115e-02
1.013976056128740311e-02
1.027824729681015015e-02
1.077966205775737762e-02
1.071120146661996841e-02
1.038721390068531036e-02
1.083717774599790573e-02
