7.355953101068735123e-03
7.409988436847925186e-03
7.294042501598596573e-03
7.634882349520921707e-03
7.290410809218883514e-03
7.234271150082349777e-03
7.633237633854150772e-03
7.655157241970300674e-03
7.305537350475788116e-03
7.190107367932796478e-03
7.233691401779651642e-03
7.435440085828304291e-03
7.642280776053667068e-03
7.373098749667406082e-03
7.632736582309007645e-03
7.419289555400609970e-03
7.519568782299757004e-03
7.249280810356140137e-03
7.158058695495128632e-03
7.769226562231779099e-03
7.436166051775217056e-03
7.310605142265558243e-03
7.426734548062086105e-03
7.691761013120412827e-03
7.536078337579965591e-03
