1.101875957101583481e-02
1.038722135126590729e-02
9.915171191096305847e-03
9.745261631906032562e-03
9.976486675441265106e-03
1.000945270061492920e-02
9.865338914096355438e-03
9.779840707778930664e-03
1.012023817747831345e-02
9.649806655943393707e-03
9.653023444116115570e-03
9.531811811029911041e-03
1.000793743878602982e-02
1.002821885049343109e-02
1.001737359911203384e-02
9.728660807013511658e-03
9.498625062406063080e-03
9.802063927054405212e-03
9.872668422758579254e-03
9.782360866665840149e-03
9.869672358036041260e-03
9.462443180382251740e-03
9.827389381825923920e-03
9.716325439512729645e-03
9.760931134223937988e-03
