1.027821656316518784e-02
9.153283201158046722e-03
8.921825326979160309e-03
9.029681794345378876e-03
9.145138785243034363e-03
8.902621455490589142e-03
9.153957478702068329e-03
8.619525469839572906e-03
8.630941621959209442e-03
8.434700779616832733e-03
8.849098347127437592e-03
8.513816632330417633e-03
9.003503248095512390e-03
8.654194884002208710e-03
8.733619935810565948e-03
8.433347567915916443e-03
9.204697795212268829e-03
9.189792908728122711e-03
8.999800309538841248e-03
8.960570208728313446e-03
9.318040683865547180e-03
9.162964299321174622e-03
8.946421556174755096e-03
8.604747243225574493e-03
8.784607984125614166e-03
