8.277286775410175323e-03
7.898935116827487946e-03
7.790050469338893890e-03
7.969069294631481171e-03
7.693765219300985336e-03
8.401569910347461700e-03
7.691490463912487030e-03
7.777030114084482193e-03
7.859612815082073212e-03
8.356225676834583282e-03
8.028906770050525665e-03
7.486379239708185196e-03
8.012143895030021667e-03
7.647539023309946060e-03
7.940747775137424469e-03
7.812457624822854996e-03
7.681839168071746826e-03
7.541527505964040756e-03
7.620587013661861420e-03
8.081318810582160950e-03
8.106125518679618835e-03
7.821986451745033264e-03
7.871855981647968292e-03
8.168841712176799774e-03
7.867933250963687897e-03
