2.228881046175956726e-02
2.144812233746051788e-02
2.219171822071075439e-02
2.160359360277652740e-02
2.039859630167484283e-02
2.131223678588867188e-02
2.080396935343742371e-02
2.032056637108325958e-02
2.022540569305419922e-02
2.056488208472728729e-02
1.988911256194114685e-02
2.069730497896671295e-02
2.036089077591896057e-02
2.139150723814964294e-02
2.018931508064270020e-02
2.130905352532863617e-02
2.071558497846126556e-02
2.096397615969181061e-02
2.116652950644493103e-02
2.127029933035373688e-02
1.986901834607124329e-02
2.187448926270008087e-02
2.061885595321655273e-02
2.136534079909324646e-02
1.974191702902317047e-02
