6.453440058976411819e-03
6.612284574657678604e-03
6.229522172361612320e-03
6.193287204951047897e-03
6.777804810553789139e-03
6.311897654086351395e-03
6.250157952308654785e-03
6.303022149950265884e-03
6.499211769551038742e-03
6.904225796461105347e-03
6.853320635855197906e-03
6.809004116803407669e-03
6.417485885322093964e-03
6.756272632628679276e-03
6.484595127403736115e-03
6.484034936875104904e-03
6.286010611802339554e-03
6.736345589160919189e-03
6.970287300646305084e-03
6.636125501245260239e-03
6.920055486261844635e-03
6.993069313466548920e-03
6.818979512900114059e-03
6.830515805631875992e-03
6.101029459387063980e-03
