1.090479921549558640e-02
1.023049838840961456e-02
1.008049398660659790e-02
1.018174644559621811e-02
1.042089890688657761e-02
9.967544116079807281e-03
1.030974928289651871e-02
1.002551615238189697e-02
1.028384268283843994e-02
9.596652351319789886e-03
1.032041944563388824e-02
1.046966668218374252e-02
9.970211423933506012e-03
1.037290040403604507e-02
9.713127277791500092e-03
1.032612659037113190e-02
1.045607123523950577e-02
9.683238342404365540e-03
1.016088295727968216e-02
1.004964392632246017e-02
9.863378480076789856e-03
1.003174763172864914e-02
1.008274592459201813e-02
1.025287341326475143e-02
1.029840204864740372e-02
