8.865726180374622345e-03
8.333566598594188690e-03
8.240265771746635437e-03
7.791384123265743256e-03
8.000133559107780457e-03
8.226259611546993256e-03
7.801382802426815033e-03
8.025181479752063751e-03
7.793052587658166885e-03
8.022384718060493469e-03
8.245507255196571350e-03
7.629316765815019608e-03
7.951005361974239349e-03
8.155977353453636169e-03
8.051290176808834076e-03
7.893935777246952057e-03
7.809482514858245850e-03
7.650788873434066772e-03
7.917881011962890625e-03
8.040343411266803741e-03
7.867762818932533264e-03
7.868384942412376404e-03
8.074367418885231018e-03
8.002785965800285339e-03
7.611849810928106308e-03
